0.82340000 0.00000000 0.00000000 0.00000000 0.12623147 0.00000000 2.74291184 1.99995116 2361.61361879 1180.80680940 3.17437337 0.13306576 0.00000000
0.82339080 0.00000000 -0.00100000 0.00000000 0.12634309 0.00000000 2.74300090 1.99996063 2360.80580860 1180.40290430 3.17434338 0.13304779 359.86379299
0.82339056 0.00000000 -0.00200000 0.00000000 0.12639311 0.00000000 2.74302152 1.99984237 2359.76087822 1179.88043911 3.17431753 0.13304121 719.70407193
0.82339016 0.00000000 -0.00300000 0.00000000 0.12647639 0.00000000 2.74305587 1.99964482 2358.02052063 1179.01026031 3.17427446 0.13303025 1079.49735804
0.82338963 0.00000000 -0.00400000 0.00000000 0.12659282 0.00000000 2.74310394 1.99936727 2355.58652235 1177.79326117 3.17421419 0.13301491 1439.22024281
0.82338896 0.00000000 -0.00500000 0.00000000 0.12674226 0.00000000 2.74316570 1.99900877 2352.46137848 1176.23068924 3.17413672 0.13299522 1798.84942249
0.82338817 0.00000000 -0.00600000 0.00000000 0.12692451 0.00000000 2.74324112 1.99856806 2348.64828664 1174.32414332 3.17404209 0.13297119 2158.36173169
0.82338729 0.00000000 -0.00700000 0.00000000 0.12713933 0.00000000 2.74333017 1.99804364 2344.15113934 1172.07556967 3.17393033 0.13294284 2517.73417606
0.82338634 0.00000000 -0.00800000 0.00000000 0.12738644 0.00000000 2.74343280 1.99743370 2338.97451469 1169.48725735 3.17380146 0.13291020 2876.94396356
0.82338534 0.00000000 -0.00900000 0.00000000 0.12766553 0.00000000 2.74354896 1.99673620 2333.12366557 1166.56183279 3.17365553 0.13287329 3235.96853435
0.82338433 0.00000000 -0.01000000 0.00000000 0.12797624 0.00000000 2.74367860 1.99594879 2326.60450739 1163.30225369 3.17349259 0.13283215 3594.78558895
0.82338333 0.00000000 -0.01100000 0.00000000 0.12831818 0.00000000 2.74382165 1.99506887 2319.42360427 1159.71180213 3.17331267 0.13278682 3953.37311451
0.82338238 0.00000000 -0.01200000 0.00000000 0.12869092 0.00000000 2.74397805 1.99409357 2311.58815407 1155.79407704 3.17311585 0.13273733 4311.70940914
0.82338152 0.00000000 -0.01300000 0.00000000 0.12909402 0.00000000 2.74414771 1.99301976 2303.10597205 1151.55298602 3.17290217 0.13268373 4669.77310415
0.82338079 0.00000000 -0.01400000 0.00000000 0.12952697 0.00000000 2.74433056 1.99184404 2293.98547340 1146.99273670 3.17267170 0.13262605 5027.54318399
0.82338023 0.00000000 -0.01500000 0.00000000 0.12998927 0.00000000 2.74452651 1.99056275 2284.23565473 1142.11782737 3.17242452 0.13256434 5384.99900406
0.82337988 0.00000000 -0.01600000 0.00000000 0.13048037 0.00000000 2.74473546 1.98917198 2273.86607449 1136.93303725 3.17216068 0.13249866 5742.12030613
0.82337980 0.00000000 -0.01700000 0.00000000 0.13099971 0.00000000 2.74495732 1.98766755 2262.88683265 1131.44341633 3.17188027 0.13242905 6098.88723149
0.82338002 0.00000000 -0.01800000 0.00000000 0.13154671 0.00000000 2.74519197 1.98604505 2251.30854942 1125.65427471 3.17158337 0.13235557 6455.28033183
0.82338059 0.00000000 -0.01900000 0.00000000 0.13212074 0.00000000 2.74543931 1.98429978 2239.14234340 1119.57117170 3.17127007 0.13227826 6811.28057778
0.82338157 0.00000000 -0.02000000 0.00000000 0.13272120 0.00000000 2.74569922 1.98242685 2226.39980905 1113.19990453 3.17094044 0.13219719 7166.86936540
0.82338301 0.00000000 -0.02100000 0.00000000 0.13334743 0.00000000 2.74597157 1.98042107 2213.09299376 1106.54649688 3.17059459 0.13211240 7522.02852036
0.82338495 0.00000000 -0.02200000 0.00000000 0.13399878 0.00000000 2.74625623 1.97827704 2199.23437429 1099.61718714 3.17023262 0.13202396 7876.74030022
0.82338745 0.00000000 -0.02300000 0.00000000 0.13467460 0.00000000 2.74655308 1.97598913 2184.83683308 1092.41841654 3.16985461 0.13193192 8230.98739474
0.82339057 0.00000000 -0.02400000 0.00000000 0.13537420 0.00000000 2.74686197 1.97355145 2169.91363421 1084.95681710 3.16946067 0.13183635 8584.75292434
0.82339434 0.00000000 -0.02500000 0.00000000 0.13609691 0.00000000 2.74718275 1.97095791 2154.47839912 1077.23919956 3.16905091 0.13173729 8938.02043687
0.82339884 0.00000000 -0.02600000 0.00000000 0.13684204 0.00000000 2.74751527 1.96820216 2138.54508233 1069.27254117 3.16862544 0.13163480 9290.77390284
0.82340410 0.00000000 -0.02700000 0.00000000 0.13760890 0.00000000 2.74785938 1.96527766 2122.12794705 1061.06397353 3.16818436 0.13152896 9642.99770914
0.82341017 0.00000000 -0.02800000 0.00000000 0.13839679 0.00000000 2.74821491 1.96217764 2105.24154086 1052.62077043 3.16772780 0.13141980 9994.67665153
0.82341712 0.00000000 -0.02900000 0.00000000 0.13920502 0.00000000 2.74858170 1.95889512 2087.90067142 1043.95033571 3.16725586 0.13130739 10345.79592586
0.82342499 0.00000000 -0.03000000 0.00000000 0.14003290 0.00000000 2.74895957 1.95542289 2070.12038234 1035.06019117 3.16676867 0.13119178 10696.34111834
0.82343384 0.00000000 -0.03100000 0.00000000 0.14087974 0.00000000 2.74934835 1.95175357 2051.91592931 1025.95796465 3.16626635 0.13107304 11046.29819483
0.82344370 0.00000000 -0.03200000 0.00000000 0.14174486 0.00000000 2.74974785 1.94787955 2033.30275633 1016.65137817 3.16574902 0.13095121 11395.65348930
0.82345463 0.00000000 -0.03300000 0.00000000 0.14262756 0.00000000 2.75015789 1.94379304 2014.29647242 1007.14823621 3.16521681 0.13082635 11744.39369173
0.82346667 0.00000000 -0.03400000 0.00000000 0.14352719 0.00000000 2.75057826 1.93948606 1994.91282843 997.45641421 3.16466984 0.13069851 12092.50583531
0.82347988 0.00000000 -0.03500000 0.00000000 0.14444305 0.00000000 2.75100878 1.93495044 1975.16769436 987.58384718 3.16410824 0.13056775 12439.97728328
0.82349430 0.00000000 -0.03600000 0.00000000 0.14537450 0.00000000 2.75144923 1.93017783 1955.07703711 977.53851855 3.16353215 0.13043410 12786.79571534
0.82350996 0.00000000 -0.03700000 0.00000000 0.14632089 0.00000000 2.75189940 1.92515971 1934.65689847 967.32844923 3.16294170 0.13029763 13132.94911385
0.82352691 0.00000000 -0.03800000 0.00000000 0.14728155 0.00000000 2.75235909 1.91988738 1913.92337372 956.96168686 3.16233702 0.13015838 13478.42574978
0.82354520 0.00000000 -0.03900000 0.00000000 0.14825587 0.00000000 2.75282807 1.91435199 1892.89259070 946.44629535 3.16171825 0.13001639 13823.21416861
0.82356486 0.00000000 -0.04000000 0.00000000 0.14924322 0.00000000 2.75330611 1.90854452 1871.58068925 935.79034462 3.16108552 0.12987172 14167.30317616
0.82358594 0.00000000 -0.04100000 0.00000000 0.15024298 0.00000000 2.75379299 1.90245581 1850.00380130 925.00190065 3.16043898 0.12972439 14510.68182442
0.82360846 0.00000000 -0.04200000 0.00000000 0.15125456 0.00000000 2.75428846 1.89607655 1828.17803146 914.08901573 3.15977876 0.12957446 14853.33939748
0.82363246 0.00000000 -0.04300000 0.00000000 0.15227735 0.00000000 2.75479229 1.88939729 1806.11943808 903.05971904 3.15910501 0.12942196 15195.26539762
0.82365798 0.00000000 -0.04400000 0.00000000 0.15331079 0.00000000 2.75530421 1.88240845 1783.84401497 891.92200749 3.15841787 0.12926693 15536.44953145
0.82368505 0.00000000 -0.04500000 0.00000000 0.15435430 0.00000000 2.75582399 1.87510033 1761.36767366 880.68383683 3.15771748 0.12910941 15876.88169638
0.82371369 0.00000000 -0.04600000 0.00000000 0.15540733 0.00000000 2.75635136 1.86746311 1738.70622620 869.35311310 3.15700398 0.12894943 16216.55196724
0.82374395 0.00000000 -0.04700000 0.00000000 0.15646934 0.00000000 2.75688605 1.85948684 1715.87536860 857.93768430 3.15627753 0.12878703 16555.45058315
0.82377584 0.00000000 -0.04800000 0.00000000 0.15753979 0.00000000 2.75742780 1.85116150 1692.89066489 846.44533245 3.15553826 0.12862223 16893.56793471
0.82380939 0.00000000 -0.04900000 0.00000000 0.15861818 0.00000000 2.75797631 1.84247697 1669.76753168 834.88376584 3.15478633 0.12845506 17230.89455141
0.82384464 0.00000000 -0.05000000 0.00000000 0.15970399 0.00000000 2.75853131 1.83342302 1646.52122344 823.26061172 3.15402188 0.12828556 17567.42108945
0.82388159 0.00000000 -0.05100000 0.00000000 0.16079673 0.00000000 2.75909251 1.82398937 1623.16681832 811.58340916 3.15324505 0.12811375 17903.13831968
0.82392028 0.00000000 -0.05200000 0.00000000 0.16189592 0.00000000 2.75965961 1.81416565 1599.71920461 799.85960231 3.15245601 0.12793964 18238.03711607
0.82396072 0.00000000 -0.05300000 0.00000000 0.16300109 0.00000000 2.76023230 1.80394144 1576.19306786 788.09653393 3.15165489 0.12776327 18572.10844428
0.82400294 0.00000000 -0.05400000 0.00000000 0.16411179 0.00000000 2.76081028 1.79330629 1552.60287848 776.30143924 3.15084186 0.12758466 18905.34335070
0.82404694 0.00000000 -0.05500000 0.00000000 0.16522757 0.00000000 2.76139322 1.78224967 1528.96288010 764.48144005 3.15001705 0.12740382 19237.73295167
0.82409276 0.00000000 -0.05600000 0.00000000 0.16634800 0.00000000 2.76198080 1.77076104 1505.28707850 752.64353925 3.14918062 0.12722077 19569.26842307
0.82414039 0.00000000 -0.05700000 0.00000000 0.16747265 0.00000000 2.76257268 1.75882986 1481.58923108 740.79461554 3.14833272 0.12703554 19899.94099021
0.82418987 0.00000000 -0.05800000 0.00000000 0.16860113 0.00000000 2.76316853 1.74644555 1457.88283706 728.94141853 3.14747351 0.12684812 20229.74191788
0.82424120 0.00000000 -0.05900000 0.00000000 0.16973303 0.00000000 2.76376799 1.73359754 1434.18112818 717.09056409 3.14660313 0.12665854 20558.66250081
0.82429438 0.00000000 -0.06000000 0.00000000 0.17086796 0.00000000 2.76437072 1.72027528 1410.49706006 705.24853003 3.14572174 0.12646680 20886.69405428
0.82434945 0.00000000 -0.06100000 0.00000000 0.17200555 0.00000000 2.76497634 1.70646825 1386.84330414 693.42165207 3.14482948 0.12627292 21213.82790500
0.82440639 0.00000000 -0.06200000 0.00000000 0.17314543 0.00000000 2.76558449 1.69216595 1363.23224021 681.61612011 3.14392652 0.12607690 21540.05538225
0.82446523 0.00000000 -0.06300000 0.00000000 0.17428725 0.00000000 2.76619477 1.67735795 1339.67594953 669.83797477 3.14301301 0.12587875 21865.36780913
0.82452596 0.00000000 -0.06400000 0.00000000 0.17543067 0.00000000 2.76680681 1.66203388 1316.18620853 658.09310426 3.14208909 0.12567847 22189.75649412
0.82458860 0.00000000 -0.06500000 0.00000000 0.17657534 0.00000000 2.76742020 1.64618342 1292.77448305 646.38724152 3.14115493 0.12547608 22513.21272272
0.82465315 0.00000000 -0.06600000 0.00000000 0.17772095 0.00000000 2.76803454 1.62979637 1269.45192320 634.72596160 3.14021067 0.12527156 22835.72774926
0.82471962 0.00000000 -0.06700000 0.00000000 0.17886719 0.00000000 2.76864940 1.61286264 1246.22935873 623.11467937 3.13925646 0.12506492 23157.29278888
0.82478801 0.00000000 -0.06800000 0.00000000 0.18001373 0.00000000 2.76926436 1.59537222 1223.11729498 611.55864749 3.13829247 0.12485616 23477.89900964
0.82485832 0.00000000 -0.06900000 0.00000000 0.18116029 0.00000000 2.76987898 1.57731528 1200.12590931 600.06295465 3.13731884 0.12464528 23797.53752464
0.82493056 0.00000000 -0.07000000 0.00000000 0.18230659 0.00000000 2.77049282 1.55868210 1177.26504810 588.63252405 3.13633572 0.12443227 24116.19938430
0.82500472 0.00000000 -0.07100000 0.00000000 0.18345233 0.00000000 2.77110540 1.53946314 1154.54422430 577.27211215 3.13534328 0.12421713 24433.87556871
0.82508081 0.00000000 -0.07200000 0.00000000 0.18459726 0.00000000 2.77171627 1.51964906 1131.97261540 565.98630770 3.13434165 0.12399985 24750.55697991
0.82515883 0.00000000 -0.07300000 0.00000000 0.18574110 0.00000000 2.77232495 1.49923070 1109.55906193 554.77953097 3.13333100 0.12378042 25066.23443436
0.82523877 0.00000000 -0.07400000 0.00000000 0.18688361 0.00000000 2.77293093 1.47819910 1087.31206651 543.65603325 3.13231147 0.12355884 25380.89865524
0.82532064 0.00000000 -0.07500000 0.00000000 0.18802453 0.00000000 2.77353372 1.45654556 1065.23979323 532.61989662 3.13128323 0.12333508 25694.54026482
0.82540444 0.00000000 -0.07600000 0.00000000 0.18916363 0.00000000 2.77413279 1.43426162 1043.35006765 521.67503382 3.13024641 0.12310915 26007.14977675
0.82549016 0.00000000 -0.07700000 0.00000000 0.19030068 0.00000000 2.77472762 1.41133909 1021.65037707 510.82518854 3.12920117 0.12288103 26318.71758835
0.82557780 0.00000000 -0.07800000 0.00000000 0.19143544 0.00000000 2.77531766 1.38777006 1000.14787143 500.07393571 3.12814766 0.12265069 26629.23397269
0.82566735 0.00000000 -0.07900000 0.00000000 0.19256771 0.00000000 2.77590236 1.36354693 978.84936442 489.42468221 3.12708603 0.12241813 26938.68907069
0.82575883 0.00000000 -0.08000000 0.00000000 0.19369728 0.00000000 2.77648114 1.33866245 957.76133516 478.88066758 3.12601643 0.12218333 27247.07288296
0.82585221 0.00000000 -0.08100000 0.00000000 0.19482392 0.00000000 2.77705343 1.31310969 936.88993022 468.44496511 3.12493901 0.12194627 27554.37526159
0.82594750 0.00000000 -0.08200000 0.00000000 0.19594746 0.00000000 2.77761861 1.28688209 916.24096594 458.12048297 3.12385392 0.12170692 27860.58590170
0.82604469 0.00000000 -0.08300000 0.00000000 0.19706770 0.00000000 2.77817607 1.25997350 895.81993124 447.90996562 3.12276130 0.12146527 28165.69433277
0.82614379 0.00000000 -0.08400000 0.00000000 0.19818444 0.00000000 2.77872519 1.23237815 875.63199069 437.81599535 3.12166131 0.12122130 28469.68990976
0.82624478 0.00000000 -0.08500000 0.00000000 0.19929751 0.00000000 2.77926530 1.20409075 855.68198795 427.84099397 3.12055409 0.12097497 28772.56180401
0.82634766 0.00000000 -0.08600000 0.00000000 0.20040674 0.00000000 2.77979575 1.17510641 835.97444949 417.98722475 3.11943979 0.12072626 29074.29899371
0.82645243 0.00000000 -0.08700000 0.00000000 0.20151195 0.00000000 2.78031586 1.14542077 816.51358870 408.25679435 3.11831855 0.12047515 29374.89025421
0.82655908 0.00000000 -0.08800000 0.00000000 0.20261299 0.00000000 2.78082492 1.11502995 797.30331016 398.65165508 3.11719052 0.12022160 29674.32414792
0.82666762 0.00000000 -0.08900000 0.00000000 0.20370968 0.00000000 2.78132221 1.08393059 778.34721432 389.17360716 3.11605584 0.11996559 29972.58901377
0.82677802 0.00000000 -0.09000000 0.00000000 0.20480187 0.00000000 2.78180698 1.05211989 759.64860234 379.82430117 3.11491466 0.11970709 30269.67295635
0.82689030 0.00000000 -0.09100000 0.00000000 0.20588943 0.00000000 2.78227849 1.01959564 741.21048123 370.60524062 3.11376712 0.11944605 30565.56383457
0.82700445 0.00000000 -0.09200000 0.00000000 0.20697219 0.00000000 2.78273595 0.98635622 723.03556917 361.51778459 3.11261335 0.11918244 30860.24924972
0.82712047 0.00000000 -0.09300000 0.00000000 0.20805002 0.00000000 2.78317855 0.95240063 705.12630110 352.56315055 3.11145351 0.11891624 31153.71653329
0.82723834 0.00000000 -0.09400000 0.00000000 0.20912278 0.00000000 2.78360548 0.91772856 687.48483448 343.74241724 3.11028773 0.11864739 31445.95273390
0.82735808 0.00000000 -0.09500000 0.00000000 0.21019033 0.00000000 2.78401587 0.88234036 670.11305524 335.05652762 3.10911614 0.11837587 31736.94460389
0.82747968 0.00000000 -0.09600000 0.00000000 0.21125256 0.00000000 2.78440886 0.84623708 653.01258388 326.50629194 3.10793890 0.11810162 32026.67858505
0.82760314 0.00000000 -0.09700000 0.00000000 0.21230932 0.00000000 2.78478355 0.80942054 636.18478178 318.09239089 3.10675613 0.11782460 32315.14079384
0.82772845 0.00000000 -0.09800000 0.00000000 0.21336050 0.00000000 2.78513901 0.77189330 619.63075758 309.81537879 3.10556797 0.11754478 32602.31700582
0.82785563 0.00000000 -0.09900000 0.00000000 0.21440598 0.00000000 2.78547430 0.73365875 603.35137377 301.67568688 3.10437456 0.11726210 32888.19263900
0.82798466 0.00000000 -0.10000000 0.00000000 0.21544564 0.00000000 2.78578842 0.69472109 587.34725331 293.67362666 3.10317603 0.11697651 33172.75273703
0.82811556 0.00000000 -0.10100000 0.00000000 0.21647937 0.00000000 2.78608037 0.65508537 571.61878642 285.80939321 3.10197251 0.11668796 33455.98195069
0.82824832 0.00000000 -0.10200000 0.00000000 0.21750706 0.00000000 2.78634911 0.61475756 556.16613741 278.08306871 3.10076414 0.11639641 33737.86451879
0.82838296 0.00000000 -0.10300000 0.00000000 0.21852860 0.00000000 2.78659357 0.57374454 540.98925161 270.49462581 3.09955105 0.11610179 34018.38424812
0.82851947 0.00000000 -0.10400000 0.00000000 0.21954387 0.00000000 2.78681264 0.53205413 526.08786236 263.04393118 3.09833336 0.11580404 34297.52449237
0.82865786 0.00000000 -0.10500000 0.00000000 0.22055279 0.00000000 2.78700517 0.48969516 511.46149803 255.73074902 3.09711120 0.11550312 34575.26812911
0.82879815 0.00000000 -0.10600000 0.00000000 0.22155524 0.00000000 2.78717000 0.44667749 497.10948910 248.55474455 3.09588471 0.11519895 34851.59753659
0.82894034 0.00000000 -0.10700000 0.00000000 0.22255112 0.00000000 2.78730591 0.40301202 483.03097525 241.51548762 3.09465401 0.11489147 35126.49456851
0.82908444 0.00000000 -0.10800000 0.00000000 0.22354034 0.00000000 2.78741165 0.35871076 469.22491246 234.61245623 3.09341922 0.11458061 35399.94052745
0.82923047 0.00000000 -0.10900000 0.00000000 0.22452280 0.00000000 2.78748591 0.31378684 455.69008015 227.84504007 3.09218047 0.11426632 35671.91613685
0.82937844 0.00000000 -0.11000000 0.00000000 0.22549840 0.00000000 2.78752737 0.26825455 442.42508822 221.21254411 3.09093788 0.11394850 35942.40151132
0.82952837 0.00000000 -0.11100000 0.00000000 0.22646704 0.00000000 2.78753463 0.22212942 429.42838420 214.71419210 3.08969157 0.11362710 36211.37612515
0.82968027 0.00000000 -0.11200000 0.00000000 0.22742863 0.00000000 2.78750628 0.17542820 416.69826025 208.34913012 3.08844166 0.11330203 36478.81877907
0.82983418 0.00000000 -0.11300000 0.00000000 0.22838307 0.00000000 2.78744082 0.12816892 404.23286019 202.11643010 3.08718828 0.11297320 36744.70756467
0.82999011 0.00000000 -0.11400000 0.00000000 0.22933027 0.00000000 2.78733674 0.08037096 392.03018647 196.01509324 3.08593154 0.11264054 37009.01982711
0.83014809 0.00000000 -0.11500000 0.00000000 0.23027013 0.00000000 2.78719244 0.03205506 380.08810707 190.04405354 3.08467155 0.11230396 37271.73212513
0.83030816 0.00000000 -0.11600000 0.00000000 0.23120255 0.00000000 2.78700630 -0.01675664 368.40436232 184.20218116 3.08340844 0.11196337 37532.82018881
0.83047033 0.00000000 -0.11700000 0.00000000 0.23212744 0.00000000 2.78677659 -0.06604054 356.97657170 178.48828585 3.08214232 0.11161867 37792.25887457
0.83063466 0.00000000 -0.11800000 0.00000000 0.23304470 0.00000000 2.78650158 -0.11577151 345.80224048 172.90112024 3.08087330 0.11126976 38050.02211739
0.83080117 0.00000000 -0.11900000 0.00000000 0.23395423 0.00000000 2.78617941 -0.16592292 334.87876636 167.43938318 3.07960149 0.11091654 38306.08287986
0.83096991 0.00000000 -0.12000000 0.00000000 0.23485592 0.00000000 2.78580821 -0.21646649 324.20344591 162.10172296 3.07832701 0.11055891 38560.41309813
0.83114094 0.00000000 -0.12100000 0.00000000 0.23574968 0.00000000 2.78538600 -0.26737233 313.77348104 156.88674052 3.07704998 0.11019674 38812.98362412
0.83131429 0.00000000 -0.12200000 0.00000000 0.23663538 0.00000000 2.78491074 -0.31860885 303.58598520 151.79299260 3.07577049 0.10982993 39063.76416407
0.83149002 0.00000000 -0.12300000 0.00000000 0.23751293 0.00000000 2.78438029 -0.37014268 293.63798960 146.81899480 3.07448866 0.10945836 39312.72321295
0.83166820 0.00000000 -0.12400000 0.00000000 0.23838220 0.00000000 2.78379246 -0.42193866 283.92644925 141.96322463 3.07320459 0.10908188 39559.82798453
0.83184889 0.00000000 -0.12500000 0.00000000 0.23924308 0.00000000 2.78314494 -0.47395978 274.44824890 137.22412445 3.07191841 0.10870039 39805.04433655
0.83203216 0.00000000 -0.12600000 0.00000000 0.24009545 0.00000000 2.78243533 -0.52616709 265.20020880 132.60010440 3.07063020 0.10831372 40048.33669096
0.83221809 0.00000000 -0.12700000 0.00000000 0.24093917 0.00000000 2.78166115 -0.57851966 256.17909038 128.08954519 3.06934009 0.10792175 40289.66794845
0.83240676 0.00000000 -0.12800000 0.00000000 0.24177411 0.00000000 2.78081979 -0.63097453 247.38160180 123.69080090 3.06804817 0.10752432 40528.99939724
0.83259825 0.00000000 -0.12900000 0.00000000 0.24260013 0.00000000 2.77990854 -0.68348659 238.80440328 119.40220164 3.06675456 0.10712126 40766.29061507
0.83279267 0.00000000 -0.13000000 0.00000000 0.24341707 0.00000000 2.77892458 -0.73600859 230.44411241 115.22205620 3.06545936 0.10671242 41001.49936446
0.83299011 0.00000000 -0.13100000 0.00000000 0.24422478 0.00000000 2.77786495 -0.78849101 222.29730919 111.14865459 3.06416268 0.10629762 41234.58148034
0.83319069 0.00000000 -0.13200000 0.00000000 0.24502309 0.00000000 2.77672656 -0.84088201 214.36054101 107.18027050 3.06286463 0.10587668 41465.49074938
0.83339453 0.00000000 -0.13300000 0.00000000 0.24581183 0.00000000 2.77550619 -0.89312734 206.63032744 103.31516372 3.06156531 0.10544941 41694.17878041
0.83360176 0.00000000 -0.13400000 0.00000000 0.24659080 0.00000000 2.77420044 -0.94517029 199.10316489 99.55158245 3.06026484 0.10501560 41920.59486515
0.83381251 0.00000000 -0.13500000 0.00000000 0.24735981 0.00000000 2.77280579 -0.99695156 191.77553110 95.88776555 3.05896332 0.10457505 42144.68582850
0.83402694 0.00000000 -0.13600000 0.00000000 0.24811863 0.00000000 2.77131853 -1.04840921 184.64388949 92.32194474 3.05766086 0.10412754 42366.39586710
0.83424521 0.00000000 -0.13700000 0.00000000 0.24886705 0.00000000 2.76973476 -1.09947855 177.70469333 88.85234667 3.05635759 0.10367283 42585.66637562
0.83446749 0.00000000 -0.13800000 0.00000000 0.24960481 0.00000000 2.76805040 -1.15009206 170.95438984 85.47719492 3.05505361 0.10321068 42802.43575916
0.83469396 0.00000000 -0.13900000 0.00000000 0.25033166 0.00000000 2.76626116 -1.20017927 164.38942403 82.19471202 3.05374904 0.10274083 43016.63923099
0.83492482 0.00000000 -0.14000000 0.00000000 0.25104730 0.00000000 2.76436252 -1.24966667 158.00624246 79.00312123 3.05244401 0.10226301 43228.20859388
0.83516029 0.00000000 -0.14100000 0.00000000 0.25175145 0.00000000 2.76234975 -1.29847761 151.80129683 75.90064842 3.05113864 0.10177693 43437.07200342
0.83540061 0.00000000 -0.14200000 0.00000000 0.25244376 0.00000000 2.76021782 -1.34653214 145.77104743 72.88552371 3.04983305 0.10128229 43643.15371214
0.83564601 0.00000000 -0.14300000 0.00000000 0.25312389 0.00000000 2.75796148 -1.39374696 139.91196642 69.95598321 3.04852739 0.10077877 43846.37379179
0.83589677 0.00000000 -0.14400000 0.00000000 0.25379146 0.00000000 2.75557515 -1.44003524 134.22054103 67.11027051 3.04722179 0.10026604 44046.64783281
0.83615317 0.00000000 -0.14500000 0.00000000 0.25444605 0.00000000 2.75305296 -1.48530651 128.69327651 64.34663825 3.04591639 0.09974372 44243.88661712
0.83641553 0.00000000 -0.14600000 0.00000000 0.25508722 0.00000000 2.75038869 -1.52946652 123.32669908 61.66334954 3.04461136 0.09921146 44437.99576304
0.83668418 0.00000000 -0.14700000 0.00000000 0.25571449 0.00000000 2.74757575 -1.57241712 118.11735864 59.05867932 3.04330684 0.09866884 44628.87533911
0.83695947 0.00000000 -0.14800000 0.00000000 0.25632734 0.00000000 2.74460718 -1.61405605 113.06183139 56.53091570 3.04200301 0.09811544 44816.41944286
0.83724181 0.00000000 -0.14900000 0.00000000 0.25692520 0.00000000 2.74147559 -1.65427687 108.15672235 54.07836118 3.04070005 0.09755080 45000.51574231
0.83753159 0.00000000 -0.15000000 0.00000000 0.25750745 0.00000000 2.73817312 -1.69296875 103.39866772 51.69933386 3.03939815 0.09697445 45181.04497512
0.83782929 0.00000000 -0.15100000 0.00000000 0.25807342 0.00000000 2.73469142 -1.73001629 98.78433715 49.39216857 3.03809751 0.09638588 45357.88040175
0.83813538 0.00000000 -0.15200000 0.00000000 0.25862238 0.00000000 2.73102162 -1.76529940 94.31043592 47.15521796 3.03679836 0.09578452 45530.88720727
0.83845040 0.00000000 -0.15300000 0.00000000 0.25915353 0.00000000 2.72715426 -1.79869311 89.97370703 44.98685352 3.03550094 0.09516982 45699.92184680
0.83877491 0.00000000 -0.15400000 0.00000000 0.25966600 0.00000000 2.72307924 -1.83006736 85.77093315 42.88546657 3.03420550 0.09454113 45864.83132860
0.83910954 0.00000000 -0.15500000 0.00000000 0.26015885 0.00000000 2.71878578 -1.85928687 81.69893855 40.84946928 3.03291231 0.09389781 46025.45242764
0.83945496 0.00000000 -0.15600000 0.00000000 0.26063102 0.00000000 2.71426237 -1.88621095 77.75459099 38.87729550 3.03162169 0.09323913 46181.61082289
0.83981190 0.00000000 -0.15700000 0.00000000 0.26108138 0.00000000 2.70949666 -1.91069330 73.93480349 36.96740175 3.03033397 0.09256433 46333.12014994
0.84018116 0.00000000 -0.15800000 0.00000000 0.26150868 0.00000000 2.70447542 -1.93258191 70.23653614 35.11826807 3.02904951 0.09187260 46479.78096001
0.84056359 0.00000000 -0.15900000 0.00000000 0.26191153 0.00000000 2.69918447 -1.95171882 66.65679785 33.32839892 3.02776871 0.09116306 46621.37957562
0.84096013 0.00000000 -0.16000000 0.00000000 0.26228843 0.00000000 2.69360855 -1.96794009 63.19264820 31.59632410 3.02649201 0.09043476 46757.68683230
0.84137181 0.00000000 -0.16100000 0.00000000 0.26263769 0.00000000 2.68773123 -1.98107561 59.84119924 29.92059962 3.02521991 0.08968670 46888.45669481
0.84179975 0.00000000 -0.16200000 0.00000000 0.26295749 0.00000000 2.68153484 -1.99094910 56.59961746 28.29980873 3.02395293 0.08891776 47013.42473579
0.84224516 0.00000000 -0.16300000 0.00000000 0.26324578 0.00000000 2.67500029 -1.99737803 53.46512581 26.73256291 3.02269170 0.08812677 47132.30646405
0.84270940 0.00000000 -0.16400000 0.00000000 0.26350031 0.00000000 2.66810695 -2.00017378 50.43500600 25.21750300 3.02143687 0.08731245 47244.79548936
0.84319392 0.00000000 -0.16500000 0.00000000 0.26371857 0.00000000 2.66083254 -1.99914170 47.50660093 23.75330046 3.02018919 0.08647342 47350.56151122
0.84370035 0.00000000 -0.16600000 0.00000000 0.26389779 0.00000000 2.65315289 -1.99408147 44.67731753 22.33865876 3.01894951 0.08560817 47449.24811956
0.84423044 0.00000000 -0.16700000 0.00000000 0.26403486 0.00000000 2.64504182 -1.98478755 41.94462999 20.97231500 3.01771878 0.08471508 47540.47039800
0.84478615 0.00000000 -0.16800000 0.00000000 0.26412634 0.00000000 2.63647091 -1.97104984 39.30608357 19.65304179 3.01649804 0.08379239 47623.81232392
0.84536964 0.00000000 -0.16900000 0.00000000 0.26416838 0.00000000 2.62740928 -1.95265476 36.75929903 18.37964951 3.01528851 0.08283818 47698.82396607
0.84598328 0.00000000 -0.17000000 0.00000000 0.26415666 0.00000000 2.61782334 -1.92938656 34.30197802 17.15098901 3.01409154 0.08185036 47765.01849071
0.84662969 0.00000000 -0.17100000 0.00000000 0.26408634 0.00000000 2.60767657 -1.90102938 31.93190964 15.96595482 3.01290865 0.08082667 47821.86900278
0.84731179 0.00000000 -0.17200000 0.00000000 0.26395200 0.00000000 2.59692921 -1.86736986 29.64697834 14.82348917 3.01174161 0.07976462 47868.80527170
0.84803280 0.00000000 -0.17300000 0.00000000 0.26374752 0.00000000 2.58553798 -1.82820085 27.44517381 13.72258691 3.01059238 0.07866154 47905.21042554
0.84879630 0.00000000 -0.17400000 0.00000000 0.26346602 0.00000000 2.57345581 -1.78332641 25.32460321 12.66230160 3.00946323 0.07751449 47930.41774675
0.84960625 0.00000000 -0.17500000 0.00000000 0.26309973 0.00000000 2.56063154 -1.73256868 23.28350647 11.64175324 3.00835675 0.07632029 47943.70777428
0.85046706 0.00000000 -0.17600000 0.00000000 0.26263986 0.00000000 2.54700970 -1.67577729 21.32027574 10.66013787 3.00727587 0.07507549 47944.30601820
0.85138362 0.00000000 -0.17700000 0.00000000 0.26207650 0.00000000 2.53253030 -1.61284234 19.43348001 9.71674000 3.00622398 0.07377634 47931.38173754
0.85236135 0.00000000 -0.17800000 0.00000000 0.26139841 0.00000000 2.51712875 -1.54371266 17.62189700 8.81094850 3.00520493 0.07241882 47904.04843292
0.85340625 0.00000000 -0.17900000 0.00000000 0.26059289 0.00000000 2.50073598 -1.46842150 15.88455468 7.94227734 3.00422313 0.07099861 47861.36698473
0.85440625 0.00000000 -0.17989715 0.00000000 0.25975002 0.00000000 2.48512553 -1.39575421 14.38852009 7.19426005 3.00337813 0.06966736 47809.20530012
0.85540625 0.00000000 -0.18074148 0.00000000 0.25884222 0.00000000 2.46960231 -1.32315143 13.03445512 6.51722756 3.00261766 0.06836195 47747.45053582
0.85640625 0.00000000 -0.18153800 0.00000000 0.25787419 0.00000000 2.45417521 -1.25120314 11.80499602 5.90249801 3.00193465 0.06708101 47677.36602256
0.85740625 0.00000000 -0.18229118 0.00000000 0.25685011 0.00000000 2.43885163 -1.18045648 10.68550083 5.34275041 3.00132280 0.06582330 47600.05665888
0.85840625 0.00000000 -0.18300502 0.00000000 0.25577369 0.00000000 2.42363775 -1.11143405 9.66357784 4.83178892 3.00077644 0.06458765 47516.49153821
0.85940625 0.00000000 -0.18368308 0.00000000 0.25464821 0.00000000 2.40853876 -1.04465297 8.72871130 4.36435565 3.00029047 0.06337301 47427.52310079
0.86040625 0.00000000 -0.18432857 0.00000000 0.25347662 0.00000000 2.39355905 -0.98064545 7.87196448 3.93598224 2.99986030 0.06217840 47333.90336177
0.86140625 0.00000000 -0.18494437 0.00000000 0.25226154 0.00000000 2.37870232 -0.91998215 7.08574556 3.54287278 2.99948177 0.06100292 47236.29768373
0.86240625 0.00000000 -0.18553308 0.00000000 0.25100531 0.00000000 2.36397179 -0.86329969 6.36362514 3.18181257 2.99915110 0.05984573 47135.29648883
0.86340625 0.00000000 -0.18609707 0.00000000 0.24971006 0.00000000 2.34937022 -0.81133396 5.70019747 2.85009874 2.99886485 0.05870608 47031.42524168
0.86440625 0.00000000 -0.18663845 0.00000000 0.24837769 0.00000000 2.33490003 -0.76496107 5.09097977 2.54548989 2.99861989 0.05758326 46925.15297965
0.86540625 0.00000000 -0.18715919 0.00000000 0.24700991 0.00000000 2.32056336 -0.72524719 4.53234484 2.26617242 2.99841336 0.05647662 46816.89962165
0.86640625 0.00000000 -0.18766105 0.00000000 0.24560827 0.00000000 2.30636213 -0.69350728 4.02148240 2.01074120 2.99824260 0.05538557 46707.04224778
0.86740625 0.00000000 -0.18814566 0.00000000 0.24417416 0.00000000 2.29229811 -0.67136812 3.55638087 1.77819044 2.99810520 0.05430956 46595.92051058
0.86840625 0.00000000 -0.18861451 0.00000000 0.24270887 0.00000000 2.27837291 -0.66082218 3.13581311 1.56790656 2.99799891 0.05324807 46483.84131184
0.86940625 0.00000000 -0.18906898 0.00000000 0.24121354 0.00000000 2.26458807 -0.66424098 2.75929239 1.37964620 2.99792166 0.05220064 46371.08285705
0.87040625 0.00000000 -0.18951034 0.00000000 0.23968922 0.00000000 2.25094502 -0.68429081 2.42693977 1.21346989 2.99787152 0.05116683 46257.89818132
0.87140625 0.00000000 -0.18993977 0.00000000 0.23813687 0.00000000 2.23744520 -0.72367200 2.13918217 1.06959109 2.99784668 0.05014624 46144.51822555
0.87240625 0.00000000 -0.19035836 0.00000000 0.23655734 0.00000000 2.22408996 -0.78462283 1.89622144 1.00000000 2.99784548 0.04913851 46031.15452902
0.87340625 0.00000000 -0.19076714 0.00000000 0.23495143 0.00000000 2.21088070 -0.86824779 1.69733264 1.00000000 2.99786632 0.04814328 45918.00159438
0.87440625 0.00000000 -0.19116706 0.00000000 0.23331985 0.00000000 2.19781878 -0.97392922 1.54025020 1.00000000 2.99790773 0.04716025 45805.23897212
0.87540625 0.00000000 -0.19155904 0.00000000 0.23166327 0.00000000 2.18490562 -1.09918188 1.42100040 1.00000000 2.99796830 0.04618912 45693.03310482
0.87640625 0.00000000 -0.19194391 0.00000000 0.22998228 0.00000000 2.17214264 -1.24010187 1.33433135 1.00000000 2.99804672 0.04522961 45581.53896511
0.87740625 0.00000000 -0.19232248 0.00000000 0.22827743 0.00000000 2.15953131 -1.39217708 1.27450707 1.00000000 2.99814171 0.04428148 45470.90151657
0.87840625 0.00000000 -0.19269552 0.00000000 0.22654920 0.00000000 2.14707316 -1.55105270 1.23605868 1.00000000 2.99825208 0.04334448 45361.25702258
0.87940625 0.00000000 -0.19306377 0.00000000 0.22479806 0.00000000 2.13476978 -1.71300049 1.21424138 1.00000000 2.99837668 0.04241842 45252.73422463
0.88040625 0.00000000 -0.19342793 0.00000000 0.22302441 0.00000000 2.12262281 -1.87508080 1.20518558 1.00000000 2.99851441 0.04150308 45145.45540873
0.88140625 0.00000000 -0.19378867 0.00000000 0.22122863 0.00000000 2.11063398 -2.03510704 1.20585203 1.01755352 2.99866420 0.04059827 45039.53737614
0.88240625 0.00000000 -0.19414665 0.00000000 0.21941104 0.00000000 2.09880511 -2.19152440 1.21390219 1.09576220 2.99882503 0.03970384 44935.09233271
0.88340625 0.00000000 -0.19450251 0.00000000 0.21757196 0.00000000 2.08713809 -2.34327185 1.22755299 1.17163593 2.99899589 0.03881961 44832.22870922
0.88440625 0.00000000 -0.19485687 0.00000000 0.21571166 0.00000000 2.07563493 -2.48965914 1.24544742 1.24482957 2.99917583 0.03794544 44731.05192421
0.88540625 0.00000000 -0.19521034 0.00000000 0.21383038 0.00000000 2.06429773 -2.63026798 1.26655008 1.31513399 2.99936388 0.03708119 44631.66509893
0.88640625 0.00000000 -0.19556353 0.00000000 0.21192835 0.00000000 2.05312872 -2.76487695 1.29006707 1.38243847 2.99955913 0.03622674 44534.16973406
0.88740625 0.00000000 -0.19591705 0.00000000 0.21000574 0.00000000 2.04213023 -2.89340585 1.31538594 1.44670293 2.99976065 0.03538196 44438.66635631
0.88840625 0.00000000 -0.19627148 0.00000000 0.20806274 0.00000000 2.03130475 -3.01587519 1.34203117 1.50793759 2.99996754 0.03454674 44345.25514296
0.88940625 0.00000000 -0.19662742 0.00000000 0.20609949 0.00000000 2.02065489 -3.13237673 1.36963132 1.56618837 3.00017891 0.03372099 44254.03653211
0.89040625 0.00000000 -0.19698548 0.00000000 0.20411610 0.00000000 2.01018341 -3.24305236 1.39789470 1.62152618 3.00039386 0.03290461 44165.11182576
0.89140625 0.00000000 -0.19734627 0.00000000 0.20211269 0.00000000 1.99989326 -3.34807866 1.42659118 1.67403933 3.00061149 0.03209751 44078.58379320
0.89240625 0.00000000 -0.19771040 0.00000000 0.20008932 0.00000000 1.98978754 -3.44765591 1.45553865 1.72382795 3.00083091 0.03129960 43994.55728246
0.89340625 0.00000000 -0.19807851 0.00000000 0.19804607 0.00000000 1.97986954 -3.54200002 1.48459278 1.77100001 3.00105121 0.03051082 43913.13984697
0.89440625 0.00000000 -0.19845125 0.00000000 0.19598296 0.00000000 1.97014278 -3.63133681 1.51363918 1.81566840 3.00127150 0.02973108 43834.44239636
0.89540625 0.00000000 -0.19882929 0.00000000 0.19390003 0.00000000 1.96061096 -3.71589781 1.54258745 1.85794890 3.00149083 0.02896033 43758.57987988
0.89640625 0.00000000 -0.19921333 0.00000000 0.19179726 0.00000000 1.95127807 -3.79591733 1.57136655 1.89795866 3.00170827 0.02819849 43685.67201220
0.89740625 0.00000000 -0.19960407 0.00000000 0.18967463 0.00000000 1.94214831 -3.87163036 1.59992124 1.93581518 3.00192285 0.02744550 43615.84405287
0.89840625 0.00000000 -0.20000229 0.00000000 0.18753211 0.00000000 1.93322622 -3.94327112 1.62820921 1.97163556 3.00213358 0.02670132 43549.22765192
0.89940625 0.00000000 -0.20040878 0.00000000 0.18536962 0.00000000 1.92451660 -4.01107213 1.65619895 2.00553606 3.00233945 0.02596587 43485.96177495
0.90040625 0.00000000 -0.20082436 0.00000000 0.18318707 0.00000000 1.91602464 -4.07526359 1.68386794 2.03763179 3.00253939 0.02523912 43426.19372634
0.90140625 0.00000000 -0.20124993 0.00000000 0.18098436 0.00000000 1.90775588 -4.13607309 1.71120133 2.06803654 3.00273232 0.02452100 43370.08028790
0.90240625 0.00000000 -0.20168643 0.00000000 0.17876133 0.00000000 1.89971628 -4.19372549 1.73819081 2.09686274 3.00291708 0.02381147 43317.78899816
0.90340625 0.00000000 -0.20213487 0.00000000 0.17651782 0.00000000 1.89191228 -4.24844299 1.76483379 2.12422150 3.00309249 0.02311048 43269.49959925
0.90440625 0.00000000 -0.20259632 0.00000000 0.17425362 0.00000000 1.88435082 -4.30044537 1.79113272 2.15022269 3.00325728 0.02241797 43225.40568514
0.90540625 0.00000000 -0.20307195 0.00000000 0.17196850 0.00000000 1.87703944 -4.34995024 1.81709459 2.17497512 3.00341012 0.02173389 43185.71659358
0.90640625 0.00000000 -0.20356301 0.00000000 0.16966219 0.00000000 1.86998630 -4.39717351 1.84273056 2.19858675 3.00354961 0.02105819 43150.65959027
0.90740625 0.00000000 -0.20407089 0.00000000 0.16733436 0.00000000 1.86320033 -4.44232987 1.86805573 2.22116494 3.00367424 0.02039080 43120.48240997
0.90840625 0.00000000 -0.20459707 0.00000000 0.16498465 0.00000000 1.85669124 -4.48563342 1.89308895 2.24281671 3.00378240 0.01973168 43095.45623204
0.90940625 0.00000000 -0.20514318 0.00000000 0.16261263 0.00000000 1.85046974 -4.52729833 1.91785284 2.26364917 3.00387236 0.01908075 43075.87918825
0.91040625 0.00000000 -0.20571105 0.00000000 0.16021781 0.00000000 1.84454757 -4.56753963 1.94237377 2.28376981 3.00394224 0.01843794 43062.08053104
0.91140625 0.00000000 -0.20630268 0.00000000 0.15779964 0.00000000 1.83893775 -4.60657411 1.96668210 2.30328706 3.00399000 0.01780317 43054.42562009
0.91240625 0.00000000 -0.20692028 0.00000000 0.15535746 0.00000000 1.83365473 -4.64462140 1.99081240 2.32231070 3.00401341 0.01717635 43053.32193895
0.91340625 0.00000000 -0.20756637 0.00000000 0.15289051 0.00000000 1.82871463 -4.68190506 2.01480384 2.34095253 3.00401000 0.01655738 43059.22641571
0.91440625 0.00000000 -0.20824377 0.00000000 0.15039794 0.00000000 1.82413555 -4.71865403 2.03870080 2.35932702 3.00397706 0.01594614 43072.65441170
0.91540625 0.00000000 -0.20895566 0.00000000 0.14787871 0.00000000 1.81993793 -4.75510418 2.06255351 2.37755209 3.00391153 0.01534251 43094.19087000
0.91640625 0.00000000 -0.20970571 0.00000000 0.14533164 0.00000000 1.81614499 -4.79150018 2.08641905 2.39575009 3.00380999 0.01474632 43124.50429282
0.91740625 0.00000000 -0.21049812 0.00000000 0.14275532 0.00000000 1.81278331 -4.82809769 2.11036257 2.41404885 3.00366853 0.01415739 43164.36447731
0.91840625 0.00000000 -0.21133778 0.00000000 0.14014808 0.00000000 1.80988355 -4.86516604 2.13445890 2.43258302 3.00348270 0.01357550 43214.66532140
0.91940625 0.00000000 -0.21223042 0.00000000 0.13750793 0.00000000 1.80748144 -4.90299137 2.15879466 2.45149568 3.00324733 0.01300040 43276.45458672
0.92040625 0.00000000 -0.21318283 0.00000000 0.13483246 0.00000000 1.80561898 -4.94188053 2.18347108 2.47094026 3.00295636 0.01243176 43350.97339559
