0.82340000 0.00000000 0.00000000 0.00000000 0.12623147 0.00000000 2.74291184 1.99995116 2361.61361879 1180.80680940 3.17437337 0.13306576 0.00000000
0.82240000 0.00000000 0.00000000 0.00000000 0.13671563 0.00000000 2.75245377 2.00560208 2309.12426444 1154.56213222 3.17191095 0.13130006 0.00000000
0.82140000 0.00000000 0.00000000 0.00000000 0.14735271 0.00000000 2.76312869 2.01187766 2252.36307859 1126.18153929 3.16920318 0.12945901 0.00000000
0.82040000 0.00000000 0.00000000 0.00000000 0.15813285 0.00000000 2.77502260 2.01880974 2191.45297362 1095.72648681 3.16624325 0.12754098 0.00000000
0.81940000 0.00000000 0.00000000 0.00000000 0.16904207 0.00000000 2.78822378 2.02642607 2126.58922067 1063.29461034 3.16302648 0.12554514 0.00000000
0.81840000 0.00000000 0.00000000 0.00000000 0.18006165 0.00000000 2.80282044 2.03474778 2058.04945463 1029.02472732 3.15955099 0.12347171 0.00000000
0.81740000 0.00000000 0.00000000 0.00000000 0.19116742 0.00000000 2.81889749 2.04378608 1986.20199341 993.10099671 3.15581858 0.12132232 0.00000000
0.81640000 0.00000000 0.00000000 0.00000000 0.20232931 0.00000000 2.83653240 2.05353854 1911.51087069 955.75543535 3.15183553 0.11910023 0.00000000
0.81540000 0.00000000 0.00000000 0.00000000 0.21351112 0.00000000 2.85579011 2.06398483 1834.53567684 917.26783842 3.14761338 0.11681064 0.00000000
0.81440000 0.00000000 0.00000000 0.00000000 0.22467080 0.00000000 2.87671751 2.07508254 1755.92426740 877.96213370 3.14316956 0.11446088 0.00000000
0.81340000 0.00000000 0.00000000 0.00000000 0.23576120 0.00000000 2.89933772 2.08676345 1676.39682987 838.19841494 3.13852766 0.11206050 0.00000000
0.81240000 0.00000000 0.00000000 0.00000000 0.24673150 0.00000000 2.92364507 2.09893099 1596.72084121 798.36042060 3.13371721 0.10962114 0.00000000
0.81140000 0.00000000 0.00000000 0.00000000 0.25752927 0.00000000 2.94960162 2.11145955 1517.67806598 758.83903299 3.12877301 0.10715625 0.00000000
0.81040000 0.00000000 0.00000000 0.00000000 0.26810296 0.00000000 2.97713600 2.12419623 1440.02662728 720.01331364 3.12373375 0.10468057 0.00000000
0.80940000 0.00000000 0.00000000 0.00000000 0.27840457 0.00000000 3.00614512 2.13696509 1364.46275101 682.23137551 3.11864025 0.10220943 0.00000000
0.80840000 0.00000000 0.00000000 0.00000000 0.28839213 0.00000000 3.03649870 2.14957367 1291.58740262 645.79370131 3.11353343 0.09975796 0.00000000
0.80740000 0.00000000 0.00000000 0.00000000 0.29803167 0.00000000 3.06804609 2.16182096 1221.88232987 610.94116493 3.10845223 0.09734041 0.00000000
0.80640000 0.00000000 0.00000000 0.00000000 0.30729834 0.00000000 3.10062446 2.17350575 1155.69813999 577.84906999 3.10343194 0.09496944 0.00000000
0.80540000 0.00000000 0.00000000 0.00000000 0.31617677 0.00000000 3.13406707 2.18443435 1093.25460866 546.62730433 3.09850290 0.09265570 0.00000000
0.80440000 0.00000000 0.00000000 0.00000000 0.32466058 0.00000000 3.16821073 2.19442678 1034.65125106 517.32562553 3.09368984 0.09040763 0.00000000
0.80340000 0.00000000 0.00000000 0.00000000 0.33275131 0.00000000 3.20290167 2.20332113 979.88487363 489.94243682 3.08901170 0.08823141 0.00000000
0.80240000 0.00000000 0.00000000 0.00000000 0.34045705 0.00000000 3.23799958 2.21097589 928.87053236 464.43526618 3.08448197 0.08613111 0.00000000
0.80140000 0.00000000 0.00000000 0.00000000 0.34779089 0.00000000 3.27337986 2.21727068 881.46282914 440.73141457 3.08010924 0.08410896 0.00000000
0.80040000 0.00000000 0.00000000 0.00000000 0.35476951 0.00000000 3.30893438 2.22210562 837.47539128 418.73769564 3.07589795 0.08216562 0.00000000
0.79940000 0.00000000 0.00000000 0.00000000 0.36141186 0.00000000 3.34457112 2.22539983 796.69734111 398.34867055 3.07184917 0.08030050 0.00000000
0.79840000 0.00000000 0.00000000 0.00000000 0.36773815 0.00000000 3.38021305 2.22708951 758.90634956 379.45317478 3.06796136 0.07851207 0.00000000
0.79740000 0.00000000 0.00000000 0.00000000 0.37376899 0.00000000 3.41579667 2.22712575 723.87840019 361.93920009 3.06423103 0.07679810 0.00000000
0.79640000 0.00000000 0.00000000 0.00000000 0.37952479 0.00000000 3.45127026 2.22547244 691.39468304 345.69734152 3.06065328 0.07515590 0.00000000
0.79540000 0.00000000 0.00000000 0.00000000 0.38502532 0.00000000 3.48659227 2.22210429 661.24615182 330.62307591 3.05722231 0.07358247 0.00000000
0.79440000 0.00000000 0.00000000 0.00000000 0.39028947 0.00000000 3.52172970 2.21700504 633.23627740 316.61813870 3.05393172 0.07207464 0.00000000
0.79340000 0.00000000 0.00000000 0.00000000 0.39533502 0.00000000 3.55665668 2.21016595 607.18247080 303.59123540 3.05077484 0.07062918 0.00000000
0.79240000 0.00000000 0.00000000 0.00000000 0.40017862 0.00000000 3.59135324 2.20158448 582.91656483 291.45828242 3.04774489 0.06924290 0.00000000
0.79140000 0.00000000 0.00000000 0.00000000 0.40483572 0.00000000 3.62580423 2.19126322 560.28465869 280.14232934 3.04483516 0.06791264 0.00000000
0.79040000 0.00000000 0.00000000 0.00000000 0.40932058 0.00000000 3.65999839 2.17920899 539.14655350 269.57327675 3.04203910 0.06663538 0.00000000
0.78940000 0.00000000 0.00000000 0.00000000 0.41364638 0.00000000 3.69392768 2.16543211 519.37494450 259.68747225 3.03935039 0.06540820 0.00000000
0.78840000 0.00000000 0.00000000 0.00000000 0.41782520 0.00000000 3.72758655 2.14994577 500.85448602 250.42724301 3.03676300 0.06422834 0.00000000
0.78740000 0.00000000 0.00000000 0.00000000 0.42186812 0.00000000 3.76097151 2.13276558 483.48080884 241.74040442 3.03427118 0.06309318 0.00000000
0.78640000 0.00000000 0.00000000 0.00000000 0.42578533 0.00000000 3.79408067 2.11390918 467.15954190 233.57977095 3.03186951 0.06200025 0.00000000
0.78540000 0.00000000 0.00000000 0.00000000 0.42958612 0.00000000 3.82691342 2.09339588 451.80537125 225.90268563 3.02955289 0.06094724 0.00000000
0.78440000 0.00000000 0.00000000 0.00000000 0.43327904 0.00000000 3.85947015 2.07124647 437.34115521 218.67057761 3.02731651 0.05993196 0.00000000
0.78340000 0.00000000 0.00000000 0.00000000 0.43687191 0.00000000 3.89175201 2.04748295 423.69710586 211.84855293 3.02515588 0.05895239 0.00000000
0.78240000 0.00000000 0.00000000 0.00000000 0.44037190 0.00000000 3.92376076 2.02212838 410.81004031 205.40502016 3.02306678 0.05800661 0.00000000
0.78140000 0.00000000 0.00000000 0.00000000 0.44378557 0.00000000 3.95549859 1.99520678 398.62270160 199.31135080 3.02104528 0.05709285 0.00000000
0.78040000 0.00000000 0.00000000 0.00000000 0.44711898 0.00000000 3.98696803 1.96674297 387.08314642 193.54157321 3.01908768 0.05620943 0.00000000
0.77940000 0.00000000 0.00000000 0.00000000 0.45037767 0.00000000 4.01817187 1.93676246 376.14419549 188.07209775 3.01719056 0.05535480 0.00000000
0.77840000 0.00000000 0.00000000 0.00000000 0.45356674 0.00000000 4.04911302 1.90529146 365.76294172 182.88147086 3.01535068 0.05452750 0.00000000
0.77740000 0.00000000 0.00000000 0.00000000 0.45669090 0.00000000 4.07979455 1.87235672 355.90031099 177.95015549 3.01356505 0.05372617 0.00000000
0.77640000 0.00000000 0.00000000 0.00000000 0.45975448 0.00000000 4.11021954 1.83798551 346.52067056 173.26033528 3.01183085 0.05294954 0.00000000
0.77540000 0.00000000 0.00000000 0.00000000 0.46276148 0.00000000 4.14039112 1.80220557 337.59148012 168.79574006 3.01014544 0.05219640 0.00000000
0.77440000 0.00000000 0.00000000 0.00000000 0.46571559 0.00000000 4.17031240 1.76504507 329.08298102 164.54149051 3.00850637 0.05146565 0.00000000
0.77340000 0.00000000 0.00000000 0.00000000 0.46862024 0.00000000 4.19998648 1.72653256 320.96791948 160.48395974 3.00691133 0.05075624 0.00000000
0.77240000 0.00000000 0.00000000 0.00000000 0.47147859 0.00000000 4.22941639 1.68669694 313.22130003 156.61065002 3.00535815 0.05006718 0.00000000
0.77140000 0.00000000 0.00000000 0.00000000 0.47429357 0.00000000 4.25860512 1.64556741 305.82016569 152.91008284 3.00384482 0.04939755 0.00000000
0.77040000 0.00000000 0.00000000 0.00000000 0.47706792 0.00000000 4.28755559 1.60317347 298.74340190 149.37170095 3.00236942 0.04874648 0.00000000
0.76940000 0.00000000 0.00000000 0.00000000 0.47980415 0.00000000 4.31627063 1.55954486 291.97156156 145.98578078 3.00093017 0.04811316 0.00000000
0.76840000 0.00000000 0.00000000 0.00000000 0.48250464 0.00000000 4.34475303 1.51471153 285.48670859 142.74335429 2.99952538 0.04749681 0.00000000
0.76740000 0.00000000 0.00000000 0.00000000 0.48517156 0.00000000 4.37300545 1.46870363 279.27227805 139.63613903 2.99815349 0.04689673 0.00000000
0.76640000 0.00000000 0.00000000 0.00000000 0.48780697 0.00000000 4.40103050 1.42155149 273.31295088 136.65647544 2.99681299 0.04631222 0.00000000
0.76540000 0.00000000 0.00000000 0.00000000 0.49041278 0.00000000 4.42883071 1.37328555 267.59454156 133.79727078 2.99550249 0.04574264 0.00000000
0.76440000 0.00000000 0.00000000 0.00000000 0.49299076 0.00000000 4.45640851 1.32393637 262.10389732 131.05194866 2.99422066 0.04518739 0.00000000
0.76340000 0.00000000 0.00000000 0.00000000 0.49554259 0.00000000 4.48376626 1.27353459 256.82880753 128.41440377 2.99296626 0.04464589 0.00000000
0.76240000 0.00000000 0.00000000 0.00000000 0.49806982 0.00000000 4.51090624 1.22211089 251.75792218 125.87896109 2.99173811 0.04411761 0.00000000
0.76140000 0.00000000 0.00000000 0.00000000 0.50057392 0.00000000 4.53783067 1.16969602 246.88067841 123.44033921 2.99053508 0.04360202 0.00000000
0.76040000 0.00000000 0.00000000 0.00000000 0.50305626 0.00000000 4.56454167 1.11632069 242.18723427 121.09361714 2.98935614 0.04309864 0.00000000
0.75940000 0.00000000 0.00000000 0.00000000 0.50551812 0.00000000 4.59104132 1.06201559 237.66840884 118.83420442 2.98820027 0.04260702 0.00000000
0.75840000 0.00000000 0.00000000 0.00000000 0.50796072 0.00000000 4.61733160 1.00681140 233.31562814 116.65781407 2.98706653 0.04212671 0.00000000
0.75740000 0.00000000 0.00000000 0.00000000 0.51038519 0.00000000 4.64341445 0.95073867 229.12087606 114.56043803 2.98595403 0.04165730 0.00000000
0.75640000 0.00000000 0.00000000 0.00000000 0.51279260 0.00000000 4.66929175 0.89382789 225.07664998 112.53832499 2.98486190 0.04119840 0.00000000
0.75540000 0.00000000 0.00000000 0.00000000 0.51518395 0.00000000 4.69496530 0.83610942 221.17592040 110.58796020 2.98378936 0.04074964 0.00000000
0.75440000 0.00000000 0.00000000 0.00000000 0.51756020 0.00000000 4.72043686 0.77761345 217.41209427 108.70604714 2.98273562 0.04031064 0.00000000
0.75340000 0.00000000 0.00000000 0.00000000 0.51992224 0.00000000 4.74570814 0.71837003 213.77898167 106.88949083 2.98169995 0.03988109 0.00000000
0.75240000 0.00000000 0.00000000 0.00000000 0.52227092 0.00000000 4.77078080 0.65840899 210.27076534 105.13538267 2.98068166 0.03946065 0.00000000
0.75140000 0.00000000 0.00000000 0.00000000 0.52460703 0.00000000 4.79565644 0.59775996 206.88197305 103.44098652 2.97968009 0.03904901 0.00000000
0.75040000 0.00000000 0.00000000 0.00000000 0.52693134 0.00000000 4.82033663 0.53645231 203.60745221 101.80372611 2.97869460 0.03864589 0.00000000
0.74940000 0.00000000 0.00000000 0.00000000 0.52924454 0.00000000 4.84482290 0.47451518 200.44234678 100.22117339 2.97772460 0.03825100 0.00000000
0.74840000 0.00000000 0.00000000 0.00000000 0.53154732 0.00000000 4.86911672 0.41197739 197.38207607 98.69103804 2.97676951 0.03786408 0.00000000
0.74740000 0.00000000 0.00000000 0.00000000 0.53384032 0.00000000 4.89321955 0.34886750 194.42231535 97.21115767 2.97582878 0.03748487 0.00000000
0.74640000 0.00000000 0.00000000 0.00000000 0.53612414 0.00000000 4.91713280 0.28521373 191.55897801 95.77948900 2.97490189 0.03711312 0.00000000
0.74540000 0.00000000 0.00000000 0.00000000 0.53839936 0.00000000 4.94085784 0.22104394 188.78819928 94.39409964 2.97398834 0.03674861 0.00000000
0.74440000 0.00000000 0.00000000 0.00000000 0.54066652 0.00000000 4.96439604 0.15638568 186.10632120 93.05316060 2.97308764 0.03639111 0.00000000
0.74340000 0.00000000 0.00000000 0.00000000 0.54292614 0.00000000 4.98774871 0.09126608 183.50987874 91.75493937 2.97219935 0.03604040 0.00000000
0.74240000 0.00000000 0.00000000 0.00000000 0.54517871 0.00000000 5.01091714 0.02571192 180.99558715 90.49779358 2.97132302 0.03569628 0.00000000
0.74140000 0.00000000 0.00000000 0.00000000 0.54742470 0.00000000 5.03390261 -0.04025045 178.56033021 89.28016511 2.97045823 0.03535855 0.00000000
0.74040000 0.00000000 0.00000000 0.00000000 0.54966455 0.00000000 5.05670636 -0.10659510 176.20114937 88.10057469 2.96960458 0.03502702 0.00000000
0.73940000 0.00000000 0.00000000 0.00000000 0.55189869 0.00000000 5.07932962 -0.17329651 173.91523379 86.95761689 2.96876169 0.03470152 0.00000000
0.73840000 0.00000000 0.00000000 0.00000000 0.55412751 0.00000000 5.10177359 -0.24032962 171.69991106 85.84995553 2.96792918 0.03438187 0.00000000
0.73740000 0.00000000 0.00000000 0.00000000 0.55635141 0.00000000 5.12403946 -0.30766984 169.55263868 84.77631934 2.96710669 0.03406790 0.00000000
0.73640000 0.00000000 0.00000000 0.00000000 0.55857073 0.00000000 5.14612840 -0.37529303 167.47099610 83.73549805 2.96629390 0.03375946 0.00000000
0.73540000 0.00000000 0.00000000 0.00000000 0.56078585 0.00000000 5.16804155 -0.44317553 165.45267741 82.72633871 2.96549045 0.03345638 0.00000000
0.73440000 0.00000000 0.00000000 0.00000000 0.56299707 0.00000000 5.18978007 -0.51129418 163.49548448 81.74774224 2.96469606 0.03315852 0.00000000
0.73340000 0.00000000 0.00000000 0.00000000 0.56520473 0.00000000 5.21134506 -0.57962631 161.59732067 80.79866034 2.96391040 0.03286575 0.00000000
0.73240000 0.00000000 0.00000000 0.00000000 0.56740911 0.00000000 5.23273763 -0.64814974 159.75618490 79.87809245 2.96313318 0.03257791 0.00000000
0.73140000 0.00000000 0.00000000 0.00000000 0.56961052 0.00000000 5.25395889 -0.71684283 157.97016624 78.98508312 2.96236414 0.03229488 0.00000000
0.73040000 0.00000000 0.00000000 0.00000000 0.57180922 0.00000000 5.27500993 -0.78568443 156.23743873 78.11871937 2.96160298 0.03201653 0.00000000
0.72940000 0.00000000 0.00000000 0.00000000 0.57400548 0.00000000 5.29589181 -0.85465393 154.55625670 77.27812835 2.96084947 0.03174273 0.00000000
0.72840000 0.00000000 0.00000000 0.00000000 0.57619954 0.00000000 5.31660560 -0.92373123 152.92495029 76.46247514 2.96010333 0.03147338 0.00000000
0.72740000 0.00000000 0.00000000 0.00000000 0.57839166 0.00000000 5.33715236 -0.99289678 151.34192135 75.67096068 2.95936434 0.03120836 0.00000000
0.72640000 0.00000000 0.00000000 0.00000000 0.58058206 0.00000000 5.35753314 -1.06213155 149.80563958 74.90281979 2.95863225 0.03094755 0.00000000
0.72540000 0.00000000 0.00000000 0.00000000 0.58277095 0.00000000 5.37774898 -1.13141706 148.31463887 74.15731944 2.95790685 0.03069085 0.00000000
0.72440000 0.00000000 0.00000000 0.00000000 0.58495856 0.00000000 5.39780091 -1.20073534 146.86751398 73.43375699 2.95718791 0.03043815 0.00000000
0.72340000 0.00000000 0.00000000 0.00000000 0.58714508 0.00000000 5.41768995 -1.27006897 145.46291733 72.73145866 2.95647522 0.03018937 0.00000000
0.72240000 0.00000000 0.00000000 0.00000000 0.58933070 0.00000000 5.43741714 -1.33940109 144.09955610 72.04977805 2.95576858 0.02994439 0.00000000
0.72140000 0.00000000 0.00000000 0.00000000 0.59151561 0.00000000 5.45698348 -1.40871536 142.77618935 71.38809468 2.95506780 0.02970314 0.00000000
0.72040000 0.00000000 0.00000000 0.00000000 0.59369999 0.00000000 5.47638999 -1.47799596 141.49162556 70.74581278 2.95437269 0.02946552 0.00000000
0.71940000 0.00000000 0.00000000 0.00000000 0.59588400 0.00000000 5.49563767 -1.54722762 140.24472001 70.12236001 2.95368306 0.02923144 0.00000000
0.71840000 0.00000000 0.00000000 0.00000000 0.59806782 0.00000000 5.51472752 -1.61639562 139.03437265 69.51718632 2.95299873 0.02900082 0.00000000
0.71740000 0.00000000 0.00000000 0.00000000 0.60025159 0.00000000 5.53366053 -1.68548574 137.85952578 68.92976289 2.95231953 0.02877358 0.00000000
0.71640000 0.00000000 0.00000000 0.00000000 0.60243547 0.00000000 5.55243771 -1.75448430 136.71916214 68.35958107 2.95164530 0.02854965 0.00000000
0.71540000 0.00000000 0.00000000 0.00000000 0.60461959 0.00000000 5.57106003 -1.82337814 135.61230294 67.80615147 2.95097588 0.02832894 0.00000000
0.71440000 0.00000000 0.00000000 0.00000000 0.60680411 0.00000000 5.58952848 -1.89215462 134.53800604 67.26900302 2.95031111 0.02811138 0.00000000
0.71340000 0.00000000 0.00000000 0.00000000 0.60898915 0.00000000 5.60784406 -1.96080161 133.49536429 66.74768214 2.94965084 0.02789690 0.00000000
0.71240000 0.00000000 0.00000000 0.00000000 0.61117484 0.00000000 5.62600772 -2.02930750 132.48350390 66.24175195 2.94899492 0.02768543 0.00000000
0.71140000 0.00000000 0.00000000 0.00000000 0.61336130 0.00000000 5.64402046 -2.09766115 131.50158291 65.75079145 2.94834321 0.02747691 0.00000000
0.71040000 0.00000000 0.00000000 0.00000000 0.61554866 0.00000000 5.66188324 -2.16585196 130.54878980 65.27439490 2.94769558 0.02727127 0.00000000
0.70940000 0.00000000 0.00000000 0.00000000 0.61773701 0.00000000 5.67959704 -2.23386980 129.62434211 64.81217106 2.94705188 0.02706845 0.00000000
0.70840000 0.00000000 0.00000000 0.00000000 0.61992648 0.00000000 5.69716282 -2.30170500 128.72748511 64.36374256 2.94641200 0.02686838 0.00000000
0.70740000 0.00000000 0.00000000 0.00000000 0.62211717 0.00000000 5.71458155 -2.36934841 127.85749076 63.92874538 2.94577581 0.02667101 0.00000000
0.70640000 0.00000000 0.00000000 0.00000000 0.62430918 0.00000000 5.73185420 -2.43679132 127.01365632 63.50682816 2.94514318 0.02647628 0.00000000
0.70540000 0.00000000 0.00000000 0.00000000 0.62650261 0.00000000 5.74898172 -2.50402549 126.19530345 63.09765173 2.94451400 0.02628413 0.00000000
0.70440000 0.00000000 0.00000000 0.00000000 0.62869754 0.00000000 5.76596508 -2.57104313 125.40177712 62.70088856 2.94388814 0.02609452 0.00000000
0.70340000 0.00000000 0.00000000 0.00000000 0.63089407 0.00000000 5.78280523 -2.63783691 124.63244463 62.31622231 2.94326551 0.02590738 0.00000000
0.70240000 0.00000000 0.00000000 0.00000000 0.63309230 0.00000000 5.79950313 -2.70439993 123.88669465 61.94334732 2.94264599 0.02572267 0.00000000
0.70140000 0.00000000 0.00000000 0.00000000 0.63529229 0.00000000 5.81605973 -2.77072570 123.16393645 61.58196823 2.94202947 0.02554034 0.00000000
0.70040000 0.00000000 0.00000000 0.00000000 0.63749413 0.00000000 5.83247599 -2.83680818 122.46359894 61.23179947 2.94141586 0.02536033 0.00000000
0.69940000 0.00000000 0.00000000 0.00000000 0.63969791 0.00000000 5.84875285 -2.90264174 121.78512987 60.89256493 2.94080505 0.02518261 0.00000000
0.69840000 0.00000000 0.00000000 0.00000000 0.64190368 0.00000000 5.86489126 -2.96822114 121.12799525 60.56399763 2.94019695 0.02500712 0.00000000
0.69740000 0.00000000 0.00000000 0.00000000 0.64411154 0.00000000 5.88089217 -3.03354153 120.49167842 60.24583921 2.93959147 0.02483383 0.00000000
0.69640000 0.00000000 0.00000000 0.00000000 0.64632154 0.00000000 5.89675652 -3.09859848 119.87567944 59.93783972 2.93898850 0.02466269 0.00000000
0.69540000 0.00000000 0.00000000 0.00000000 0.64853375 0.00000000 5.91248525 -3.16338789 119.27951458 59.63975729 2.93838797 0.02449365 0.00000000
0.69440000 0.00000000 0.00000000 0.00000000 0.65074824 0.00000000 5.92807930 -3.22790607 118.70271538 59.35135769 2.93778978 0.02432668 0.00000000
0.69340000 0.00000000 0.00000000 0.00000000 0.65296508 0.00000000 5.94353961 -3.29214966 118.14482842 59.07241421 2.93719385 0.02416173 0.00000000
0.69240000 0.00000000 0.00000000 0.00000000 0.65518431 0.00000000 5.95886711 -3.35611567 117.60541447 58.80270724 2.93660010 0.02399877 0.00000000
0.69140000 0.00000000 0.00000000 0.00000000 0.65740601 0.00000000 5.97406273 -3.41980145 117.08404815 58.54202407 2.93600844 0.02383777 0.00000000
0.69040000 0.00000000 0.00000000 0.00000000 0.65963022 0.00000000 5.98912741 -3.48320467 116.58031720 58.29015860 2.93541881 0.02367868 0.00000000
0.68940000 0.00000000 0.00000000 0.00000000 0.66185700 0.00000000 6.00406207 -3.54632332 116.09382228 58.04691114 2.93483112 0.02352146 0.00000000
0.68840000 0.00000000 0.00000000 0.00000000 0.66408641 0.00000000 6.01886763 -3.60915572 115.62417620 57.81208810 2.93424530 0.02336609 0.00000000
0.68740000 0.00000000 0.00000000 0.00000000 0.66631849 0.00000000 6.03354503 -3.67170049 115.17100365 57.58550182 2.93366128 0.02321253 0.00000000
0.68640000 0.00000000 0.00000000 0.00000000 0.66855330 0.00000000 6.04809518 -3.73395654 114.73394083 57.36697041 2.93307898 0.02306074 0.00000000
0.68540000 0.00000000 0.00000000 0.00000000 0.67079088 0.00000000 6.06251900 -3.79592307 114.31263477 57.15631738 2.93249835 0.02291070 0.00000000
0.68440000 0.00000000 0.00000000 0.00000000 0.67303129 0.00000000 6.07681741 -3.85759957 113.90674317 56.95337158 2.93191930 0.02276237 0.00000000
0.68340000 0.00000000 0.00000000 0.00000000 0.67527455 0.00000000 6.09099131 -3.91898579 113.51593404 56.75796702 2.93134178 0.02261572 0.00000000
0.68240000 0.00000000 0.00000000 0.00000000 0.67752072 0.00000000 6.10504162 -3.98008172 113.13988517 56.56994259 2.93076571 0.02247073 0.00000000
0.68140000 0.00000000 0.00000000 0.00000000 0.67976984 0.00000000 6.11896924 -4.04088765 112.77828393 56.38914196 2.93019105 0.02232736 0.00000000
0.68040000 0.00000000 0.00000000 0.00000000 0.68202195 0.00000000 6.13277508 -4.10140407 112.43082675 56.21541337 2.92961773 0.02218558 0.00000000
0.67940000 0.00000000 0.00000000 0.00000000 0.68427709 0.00000000 6.14646004 -4.16163173 112.09721915 56.04860958 2.92904568 0.02204537 0.00000000
0.67840000 0.00000000 0.00000000 0.00000000 0.68653530 0.00000000 6.16002501 -4.22157160 111.77717500 55.88858750 2.92847486 0.02190671 0.00000000
0.67740000 0.00000000 0.00000000 0.00000000 0.68879661 0.00000000 6.17347089 -4.28122488 111.47041664 55.73520832 2.92790519 0.02176955 0.00000000
0.67640000 0.00000000 0.00000000 0.00000000 0.69106106 0.00000000 6.18679858 -4.34059297 111.17667429 55.58833714 2.92733664 0.02163389 0.00000000
0.67540000 0.00000000 0.00000000 0.00000000 0.69332869 0.00000000 6.20000896 -4.39967747 110.89568599 55.44784299 2.92676914 0.02149968 0.00000000
0.67440000 0.00000000 0.00000000 0.00000000 0.69559953 0.00000000 6.21310291 -4.45848020 110.62719708 55.31359854 2.92620264 0.02136692 0.00000000
0.67340000 0.00000000 0.00000000 0.00000000 0.69787361 0.00000000 6.22608132 -4.51700314 110.37096039 55.18548020 2.92563710 0.02123557 0.00000000
0.67240000 0.00000000 0.00000000 0.00000000 0.70015096 0.00000000 6.23894506 -4.57524846 110.12673546 55.06336773 2.92507245 0.02110561 0.00000000
0.67140000 0.00000000 0.00000000 0.00000000 0.70243162 0.00000000 6.25169501 -4.63321852 109.89428881 54.94714441 2.92450865 0.02097701 0.00000000
0.67040000 0.00000000 0.00000000 0.00000000 0.70471562 0.00000000 6.26433204 -4.69091583 109.67339344 54.83669672 2.92394565 0.02084977 0.00000000
0.66940000 0.00000000 0.00000000 0.00000000 0.70700298 0.00000000 6.27685701 -4.74834307 109.46382854 54.73191427 2.92338341 0.02072385 0.00000000
0.66840000 0.00000000 0.00000000 0.00000000 0.70929373 0.00000000 6.28927080 -4.80550307 109.26537955 54.63268977 2.92282188 0.02059923 0.00000000
0.66740000 0.00000000 0.00000000 0.00000000 0.71158790 0.00000000 6.30157425 -4.86239879 109.07783787 54.53891893 2.92226101 0.02047589 0.00000000
0.66640000 0.00000000 0.00000000 0.00000000 0.71388553 0.00000000 6.31376822 -4.91903336 108.90100055 54.45050027 2.92170076 0.02035382 0.00000000
0.66540000 0.00000000 0.00000000 0.00000000 0.71618662 0.00000000 6.32585357 -4.97541003 108.73467024 54.36733512 2.92114108 0.02023298 0.00000000
0.66440000 0.00000000 0.00000000 0.00000000 0.71849122 0.00000000 6.33783114 -5.03153217 108.57865503 54.28932751 2.92058194 0.02011337 0.00000000
0.66340000 0.00000000 0.00000000 0.00000000 0.72079935 0.00000000 6.34970178 -5.08740329 108.43276803 54.21638401 2.92002328 0.01999496 0.00000000
0.66240000 0.00000000 0.00000000 0.00000000 0.72311102 0.00000000 6.36146632 -5.14302698 108.29682759 54.14841380 2.91946508 0.01987774 0.00000000
0.66140000 0.00000000 0.00000000 0.00000000 0.72542627 0.00000000 6.37312559 -5.19840699 108.17065686 54.08532843 2.91890729 0.01976168 0.00000000
0.66040000 0.00000000 0.00000000 0.00000000 0.72774511 0.00000000 6.38468044 -5.25354713 108.05408379 54.02704189 2.91834988 0.01964677 0.00000000
0.65940000 0.00000000 0.00000000 0.00000000 0.73006757 0.00000000 6.39613169 -5.30845134 107.94694095 53.97347048 2.91779280 0.01953299 0.00000000
0.65840000 0.00000000 0.00000000 0.00000000 0.73239368 0.00000000 6.40748015 -5.36312363 107.84906540 53.92453270 2.91723601 0.01942033 0.00000000
0.65740000 0.00000000 0.00000000 0.00000000 0.73472345 0.00000000 6.41872664 -5.41756811 107.76029822 53.88014911 2.91667949 0.01930876 0.00000000
0.65640000 0.00000000 0.00000000 0.00000000 0.73705690 0.00000000 6.42987199 -5.47178897 107.68048512 53.84024256 2.91612319 0.01919827 0.00000000
0.65540000 0.00000000 0.00000000 0.00000000 0.73939406 0.00000000 6.44091699 -5.52579049 107.60947563 53.80473782 2.91556708 0.01908885 0.00000000
0.65440000 0.00000000 0.00000000 0.00000000 0.74173494 0.00000000 6.45186245 -5.57957700 107.54712334 53.77356167 2.91501112 0.01898048 0.00000000
0.65340000 0.00000000 0.00000000 0.00000000 0.74407957 0.00000000 6.46270918 -5.63315293 107.49328549 53.74664274 2.91445528 0.01887314 0.00000000
0.65240000 0.00000000 0.00000000 0.00000000 0.74642796 0.00000000 6.47345796 -5.68652275 107.44782311 53.72391155 2.91389954 0.01876682 0.00000000
0.65140000 0.00000000 0.00000000 0.00000000 0.74878014 0.00000000 6.48410958 -5.73969099 107.41060118 53.70530059 2.91334385 0.01866150 0.00000000
0.65040000 0.00000000 0.00000000 0.00000000 0.75113612 0.00000000 6.49466484 -5.79266226 107.38148762 53.69074381 2.91278818 0.01855717 0.00000000
0.64940000 0.00000000 0.00000000 0.00000000 0.75349591 0.00000000 6.50512450 -5.84544119 107.36035412 53.68017706 2.91223250 0.01845382 0.00000000
0.64840000 0.00000000 0.00000000 0.00000000 0.75585955 0.00000000 6.51548936 -5.89803250 107.34707556 53.67353778 2.91167679 0.01835143 0.00000000
0.64740000 0.00000000 0.00000000 0.00000000 0.75822705 0.00000000 6.52576017 -5.95044091 107.34152999 53.67076500 2.91112100 0.01824999 0.00000000
0.64640000 0.00000000 0.00000000 0.00000000 0.76059841 0.00000000 6.53593771 -6.00267121 107.34359889 53.67179945 2.91056512 0.01814949 0.00000000
0.64540000 0.00000000 0.00000000 0.00000000 0.76297367 0.00000000 6.54602273 -6.05472821 107.35316625 53.67658313 2.91000911 0.01804990 0.00000000
0.64440000 0.00000000 0.00000000 0.00000000 0.76535283 0.00000000 6.55601600 -6.10661678 107.37011936 53.68505968 2.90945295 0.01795123 0.00000000
0.64340000 0.00000000 0.00000000 0.00000000 0.76773592 0.00000000 6.56591827 -6.15834180 107.39434815 53.69717408 2.90889660 0.01785345 0.00000000
0.64240000 0.00000000 0.00000000 0.00000000 0.77012295 0.00000000 6.57573027 -6.20990817 107.42574583 53.71287291 2.90834004 0.01775656 0.00000000
0.64140000 0.00000000 0.00000000 0.00000000 0.77251393 0.00000000 6.58545276 -6.26132084 107.46420758 53.73210379 2.90778324 0.01766054 0.00000000
0.64040000 0.00000000 0.00000000 0.00000000 0.77490889 0.00000000 6.59508647 -6.31258477 107.50963157 53.75481578 2.90722618 0.01756537 0.00000000
0.63940000 0.00000000 0.00000000 0.00000000 0.77730783 0.00000000 6.60463213 -6.36370494 107.56191873 53.78095936 2.90666883 0.01747106 0.00000000
0.63840000 0.00000000 0.00000000 0.00000000 0.77971078 0.00000000 6.61409048 -6.41468633 107.62097222 53.81048611 2.90611116 0.01737759 0.00000000
0.63740000 0.00000000 0.00000000 0.00000000 0.78211774 0.00000000 6.62346222 -6.46553397 107.68669756 53.84334878 2.90555314 0.01728494 0.00000000
0.63640000 0.00000000 0.00000000 0.00000000 0.78452873 0.00000000 6.63274808 -6.51625286 107.75900284 53.87950142 2.90499477 0.01719311 0.00000000
0.63540000 0.00000000 0.00000000 0.00000000 0.78694377 0.00000000 6.64194877 -6.56684805 107.83779824 53.91889912 2.90443600 0.01710209 0.00000000
0.63440000 0.00000000 0.00000000 0.00000000 0.78936288 0.00000000 6.65106500 -6.61732457 107.92299626 53.96149813 2.90387682 0.01701185 0.00000000
0.63340000 0.00000000 0.00000000 0.00000000 0.79178605 0.00000000 6.66009747 -6.66768746 108.01451171 54.00725586 2.90331720 0.01692241 0.00000000
0.63240000 0.00000000 0.00000000 0.00000000 0.79421332 0.00000000 6.66904687 -6.71794177 108.11226106 54.05613053 2.90275712 0.01683373 0.00000000
0.63140000 0.00000000 0.00000000 0.00000000 0.79664469 0.00000000 6.67791390 -6.76809254 108.21616314 54.10808157 2.90219655 0.01674583 0.00000000
0.63040000 0.00000000 0.00000000 0.00000000 0.79908019 0.00000000 6.68669924 -6.81814482 108.32613914 54.16306957 2.90163548 0.01665867 0.00000000
0.62940000 0.00000000 0.00000000 0.00000000 0.80151981 0.00000000 6.69540357 -6.86810365 108.44211126 54.22105563 2.90107388 0.01657226 0.00000000
0.62840000 0.00000000 0.00000000 0.00000000 0.80396358 0.00000000 6.70402758 -6.91797406 108.56400457 54.28200228 2.90051173 0.01648659 0.00000000
0.62740000 0.00000000 0.00000000 0.00000000 0.80641150 0.00000000 6.71257193 -6.96776109 108.69174554 54.34587277 2.89994901 0.01640164 0.00000000
0.62640000 0.00000000 0.00000000 0.00000000 0.80886361 0.00000000 6.72103729 -7.01746976 108.82526206 54.41263103 2.89938570 0.01631741 0.00000000
0.62540000 0.00000000 0.00000000 0.00000000 0.81131989 0.00000000 6.72942432 -7.06710508 108.96448456 54.48224228 2.89882177 0.01623389 0.00000000
0.62440000 0.00000000 0.00000000 0.00000000 0.81378038 0.00000000 6.73773368 -7.11667206 109.10934477 54.55467239 2.89825722 0.01615107 0.00000000
0.62340000 0.00000000 0.00000000 0.00000000 0.81624508 0.00000000 6.74596601 -7.16617568 109.25977580 54.62988790 2.89769200 0.01606894 0.00000000
0.62240000 0.00000000 0.00000000 0.00000000 0.81871400 0.00000000 6.75412196 -7.21562093 109.41571267 54.70785633 2.89712612 0.01598750 0.00000000
0.62140000 0.00000000 0.00000000 0.00000000 0.82118717 0.00000000 6.76220218 -7.26501277 109.57709241 54.78854620 2.89655954 0.01590672 0.00000000
0.62040000 0.00000000 0.00000000 0.00000000 0.82366458 0.00000000 6.77020730 -7.31435614 109.74385253 54.87192626 2.89599226 0.01582662 0.00000000
0.61940000 0.00000000 0.00000000 0.00000000 0.82614626 0.00000000 6.77813795 -7.36365598 109.91593327 54.95796663 2.89542424 0.01574717 0.00000000
0.61840000 0.00000000 0.00000000 0.00000000 0.82863222 0.00000000 6.78599476 -7.41291720 110.09327506 55.04663753 2.89485547 0.01566838 0.00000000
0.61740000 0.00000000 0.00000000 0.00000000 0.83112247 0.00000000 6.79377834 -7.46214470 110.27582090 55.13791045 2.89428594 0.01559022 0.00000000
0.61640000 0.00000000 0.00000000 0.00000000 0.83361703 0.00000000 6.80148932 -7.51134334 110.46351457 55.23175729 2.89371562 0.01551271 0.00000000
0.61540000 0.00000000 0.00000000 0.00000000 0.83611590 0.00000000 6.80912830 -7.56051799 110.65630144 55.32815072 2.89314449 0.01543582 0.00000000
0.61440000 0.00000000 0.00000000 0.00000000 0.83861909 0.00000000 6.81669589 -7.60967348 110.85412751 55.42706375 2.89257255 0.01535955 0.00000000
0.61340000 0.00000000 0.00000000 0.00000000 0.84112664 0.00000000 6.82419270 -7.65881461 111.05694124 55.52847062 2.89199977 0.01528389 0.00000000
0.61240000 0.00000000 0.00000000 0.00000000 0.84363853 0.00000000 6.83161931 -7.70794619 111.26469170 55.63234585 2.89142614 0.01520884 0.00000000
0.61140000 0.00000000 0.00000000 0.00000000 0.84615479 0.00000000 6.83897631 -7.75707297 111.47732887 55.73866444 2.89085163 0.01513439 0.00000000
0.61040000 0.00000000 0.00000000 0.00000000 0.84867544 0.00000000 6.84626430 -7.80619971 111.69480418 55.84740209 2.89027623 0.01506054 0.00000000
0.60940000 0.00000000 0.00000000 0.00000000 0.85120047 0.00000000 6.85348386 -7.85533110 111.91707107 55.95853553 2.88969993 0.01498727 0.00000000
0.60840000 0.00000000 0.00000000 0.00000000 0.85372991 0.00000000 6.86063556 -7.90447186 112.14408243 56.07204122 2.88912271 0.01491458 0.00000000
0.60740000 0.00000000 0.00000000 0.00000000 0.85626377 0.00000000 6.86771997 -7.95362665 112.37579387 56.18789694 2.88854455 0.01484246 0.00000000
0.60640000 0.00000000 0.00000000 0.00000000 0.85880206 0.00000000 6.87473766 -8.00280011 112.61216123 56.30608061 2.88796544 0.01477091 0.00000000
0.60540000 0.00000000 0.00000000 0.00000000 0.86134479 0.00000000 6.88168920 -8.05199686 112.85314186 56.42657093 2.88738536 0.01469992 0.00000000
0.60440000 0.00000000 0.00000000 0.00000000 0.86389198 0.00000000 6.88857513 -8.10122148 113.09869329 56.54934664 2.88680430 0.01462948 0.00000000
0.60340000 0.00000000 0.00000000 0.00000000 0.86644364 0.00000000 6.89539601 -8.15047856 113.34877500 56.67438750 2.88622223 0.01455959 0.00000000
0.60240000 0.00000000 0.00000000 0.00000000 0.86899978 0.00000000 6.90215239 -8.19977261 113.60334702 56.80167351 2.88563916 0.01449024 0.00000000
0.60140000 0.00000000 0.00000000 0.00000000 0.87156042 0.00000000 6.90884482 -8.24910815 113.86237053 56.93118526 2.88505505 0.01442143 0.00000000
0.60040000 0.00000000 0.00000000 0.00000000 0.87412556 0.00000000 6.91547382 -8.29848967 114.12580734 57.06290367 2.88446991 0.01435315 0.00000000
0.59940000 0.00000000 0.00000000 0.00000000 0.87669522 0.00000000 6.92203994 -8.34792161 114.39362057 57.19681028 2.88388370 0.01428539 0.00000000
