0.82240000 0.00000000 0.00000000 0.00000000 0.13671563 0.00000000 2.75245377 2.00560208 2309.12426444 1154.56213222 3.17191095 0.13130006 0.00000000
0.81440000 0.00000000 0.00000000 0.00000000 0.22467080 0.00000000 2.87671751 2.07508254 1755.92426740 877.96213370 3.14316956 0.11446088 0.00000000
0.80640000 0.00000000 0.00000000 0.00000000 0.30729834 0.00000000 3.10062446 2.17350575 1155.69813999 577.84906999 3.10343194 0.09496944 0.00000000
0.79840000 0.00000000 0.00000000 0.00000000 0.36773815 0.00000000 3.38021305 2.22708951 758.90634956 379.45317478 3.06796136 0.07851207 0.00000000
0.79040000 0.00000000 0.00000000 0.00000000 0.40932058 0.00000000 3.65999839 2.17920899 539.14655350 269.57327675 3.04203910 0.06663538 0.00000000
0.78240000 0.00000000 0.00000000 0.00000000 0.44037190 0.00000000 3.92376076 2.02212838 410.81004031 205.40502016 3.02306678 0.05800661 0.00000000
0.77440000 0.00000000 0.00000000 0.00000000 0.46571559 0.00000000 4.17031240 1.76504507 329.08298102 164.54149051 3.00850637 0.05146565 0.00000000
0.76640000 0.00000000 0.00000000 0.00000000 0.48780697 0.00000000 4.40103050 1.42155149 273.31295088 136.65647544 2.99681299 0.04631222 0.00000000
0.75840000 0.00000000 0.00000000 0.00000000 0.50796072 0.00000000 4.61733160 1.00681140 233.31562814 116.65781407 2.98706653 0.04212671 0.00000000
0.75040000 0.00000000 0.00000000 0.00000000 0.52693134 0.00000000 4.82033663 0.53645231 203.60745221 101.80372611 2.97869460 0.03864589 0.00000000
0.74240000 0.00000000 0.00000000 0.00000000 0.54517871 0.00000000 5.01091714 0.02571192 180.99558715 90.49779358 2.97132302 0.03569628 0.00000000
0.73440000 0.00000000 0.00000000 0.00000000 0.56299707 0.00000000 5.18978007 -0.51129418 163.49548448 81.74774224 2.96469606 0.03315852 0.00000000
0.72640000 0.00000000 0.00000000 0.00000000 0.58058206 0.00000000 5.35753314 -1.06213155 149.80563958 74.90281979 2.95863225 0.03094755 0.00000000
0.71840000 0.00000000 0.00000000 0.00000000 0.59806782 0.00000000 5.51472752 -1.61639562 139.03437265 69.51718632 2.95299873 0.02900082 0.00000000
0.71040000 0.00000000 0.00000000 0.00000000 0.61554866 0.00000000 5.66188324 -2.16585196 130.54878980 65.27439490 2.94769558 0.02727127 0.00000000
0.70240000 0.00000000 0.00000000 0.00000000 0.63309230 0.00000000 5.79950313 -2.70439993 123.88669465 61.94334732 2.94264599 0.02572267 0.00000000
0.69440000 0.00000000 0.00000000 0.00000000 0.65074824 0.00000000 5.92807930 -3.22790607 118.70271538 59.35135769 2.93778978 0.02432668 0.00000000
0.68640000 0.00000000 0.00000000 0.00000000 0.66855330 0.00000000 6.04809518 -3.73395654 114.73394083 57.36697041 2.93307898 0.02306074 0.00000000
0.67840000 0.00000000 0.00000000 0.00000000 0.68653530 0.00000000 6.16002501 -4.22157160 111.77717500 55.88858750 2.92847486 0.02190671 0.00000000
0.67040000 0.00000000 0.00000000 0.00000000 0.70471562 0.00000000 6.26433204 -4.69091583 109.67339344 54.83669672 2.92394565 0.02084977 0.00000000
0.66240000 0.00000000 0.00000000 0.00000000 0.72311102 0.00000000 6.36146632 -5.14302698 108.29682759 54.14841380 2.91946508 0.01987774 0.00000000
0.65440000 0.00000000 0.00000000 0.00000000 0.74173494 0.00000000 6.45186245 -5.57957700 107.54712334 53.77356167 2.91501112 0.01898048 0.00000000
0.64640000 0.00000000 0.00000000 0.00000000 0.76059841 0.00000000 6.53593771 -6.00267121 107.34359889 53.67179945 2.91056512 0.01814949 0.00000000
0.63840000 0.00000000 0.00000000 0.00000000 0.77971078 0.00000000 6.61409048 -6.41468633 107.62097222 53.81048611 2.90611116 0.01737759 0.00000000
0.63040000 0.00000000 0.00000000 0.00000000 0.79908019 0.00000000 6.68669924 -6.81814482 108.32613914 54.16306957 2.90163548 0.01665867 0.00000000
0.62240000 0.00000000 0.00000000 0.00000000 0.81871400 0.00000000 6.75412196 -7.21562093 109.41571267 54.70785633 2.89712612 0.01598750 0.00000000
0.61440000 0.00000000 0.00000000 0.00000000 0.83861909 0.00000000 6.81669589 -7.60967348 110.85412751 55.42706375 2.89257255 0.01535955 0.00000000
0.60640000 0.00000000 0.00000000 0.00000000 0.85880206 0.00000000 6.87473766 -8.00280011 112.61216123 56.30608061 2.88796544 0.01477091 0.00000000
