1.18089856 0.00000000 0.00000000 0.00000000 -0.15585610 0.00000000 3.41553082 1.99999984 1212.22642128 606.11321064 3.15211898 0.13253689 0.00000000
1.18089761 0.00000000 -0.00100000 0.00000000 -0.15586208 0.00000000 3.41552276 1.99996986 1212.13404619 606.06702309 3.15211454 0.13253503 331.54749749
1.18089469 0.00000000 -0.00200000 0.00000000 -0.15587949 0.00000000 3.41549825 1.99987940 1211.85856198 605.92928099 3.15210136 0.13252960 663.07924012
1.18088982 0.00000000 -0.00300000 0.00000000 -0.15590851 0.00000000 3.41545739 1.99972850 1211.39956876 605.69978438 3.15207940 0.13252054 994.57948312
1.18088301 0.00000000 -0.00400000 0.00000000 -0.15594910 0.00000000 3.41540019 1.99951699 1210.75728704 605.37864352 3.15204865 0.13250787 1326.03250193
1.18087424 0.00000000 -0.00500000 0.00000000 -0.15600125 0.00000000 3.41532664 1.99924458 1209.93202512 604.96601256 3.15200913 0.13249158 1657.42260217
1.18086352 0.00000000 -0.00600000 0.00000000 -0.15606493 0.00000000 3.41523674 1.99891096 1208.92417884 604.46208942 3.15196084 0.13247168 1988.73412959
1.18085083 0.00000000 -0.00700000 0.00000000 -0.15614010 0.00000000 3.41513049 1.99851570 1207.73423105 603.86711552 3.15190379 0.13244817 2319.95147991
1.18083617 0.00000000 -0.00800000 0.00000000 -0.15622671 0.00000000 3.41500787 1.99805832 1206.36275106 603.18137553 3.15183798 0.13242107 2651.05910837
1.18081953 0.00000000 -0.00900000 0.00000000 -0.15632472 0.00000000 3.41486889 1.99753824 1204.81039397 602.40519698 3.15176343 0.13239037 2982.04153932
1.18080092 0.00000000 -0.01000000 0.00000000 -0.15643407 0.00000000 3.41471354 1.99695484 1203.07789999 601.53894999 3.15168014 0.13235610 3312.88337545
1.18078030 0.00000000 -0.01100000 0.00000000 -0.15655469 0.00000000 3.41454180 1.99630740 1201.16609352 600.58304676 3.15158813 0.13231825 3643.56930685
1.18075769 0.00000000 -0.01200000 0.00000000 -0.15668652 0.00000000 3.41435368 1.99559513 1199.07588224 599.53794112 3.15148742 0.13227684 3974.08411978
1.18073305 0.00000000 -0.01300000 0.00000000 -0.15682948 0.00000000 3.41414915 1.99481717 1196.80825611 598.40412806 3.15137800 0.13223188 4304.41270518
1.18070639 0.00000000 -0.01400000 0.00000000 -0.15698349 0.00000000 3.41392822 1.99397258 1194.36428626 597.18214313 3.15125991 0.13218338 4634.54006695
1.18067770 0.00000000 -0.01500000 0.00000000 -0.15714847 0.00000000 3.41369087 1.99306036 1191.74512376 595.87256188 3.15113316 0.13213136 4964.45132969
1.18064694 0.00000000 -0.01600000 0.00000000 -0.15732431 0.00000000 3.41343709 1.99207941 1188.95199840 594.47599920 3.15099777 0.13207582 5294.13174652
1.18061413 0.00000000 -0.01700000 0.00000000 -0.15751093 0.00000000 3.41316686 1.99102858 1185.98621732 592.99310866 3.15085375 0.13201679 5623.56670601
1.18057923 0.00000000 -0.01800000 0.00000000 -0.15770822 0.00000000 3.41288017 1.98990663 1182.84916361 591.42458181 3.15070112 0.13195428 5952.74173920
1.18054223 0.00000000 -0.01900000 0.00000000 -0.15791606 0.00000000 3.41257700 1.98871226 1179.54229484 589.77114742 3.15053992 0.13188830 6281.64252597
1.18050311 0.00000000 -0.02000000 0.00000000 -0.15813435 0.00000000 3.41225735 1.98744409 1176.06714146 588.03357073 3.15037015 0.13181887 6610.25490112
1.18046187 0.00000000 -0.02100000 0.00000000 -0.15836297 0.00000000 3.41192118 1.98610066 1172.42530527 586.21265264 3.15019185 0.13174602 6938.56486004
1.18041847 0.00000000 -0.02200000 0.00000000 -0.15860180 0.00000000 3.41156848 1.98468045 1168.61845770 584.30922885 3.15000503 0.13166975 7266.55856393
1.18037291 0.00000000 -0.02300000 0.00000000 -0.15885070 0.00000000 3.41119923 1.98318185 1164.64833813 582.32416906 3.14980973 0.13159009 7594.22234465
1.18032516 0.00000000 -0.02400000 0.00000000 -0.15910955 0.00000000 3.41081341 1.98160320 1160.51675209 580.25837604 3.14960597 0.13150706 7921.54270914
1.18027520 0.00000000 -0.02500000 0.00000000 -0.15937821 0.00000000 3.41041099 1.97994275 1156.22556950 578.11278475 3.14939377 0.13142068 8248.50634338
1.18022302 0.00000000 -0.02600000 0.00000000 -0.15965655 0.00000000 3.40999195 1.97819868 1151.77672280 575.88836140 3.14917317 0.13133096 8575.10011596
1.18016859 0.00000000 -0.02700000 0.00000000 -0.15994441 0.00000000 3.40955626 1.97636910 1147.17220506 573.58610253 3.14894420 0.13123792 8901.31108125
1.18011188 0.00000000 -0.02800000 0.00000000 -0.16024165 0.00000000 3.40910389 1.97445206 1142.41406810 571.20703405 3.14870687 0.13114160 9227.12648206
1.18005289 0.00000000 -0.02900000 0.00000000 -0.16054813 0.00000000 3.40863482 1.97244551 1137.50442048 568.75221024 3.14846124 0.13104201 9552.53375203
1.17999158 0.00000000 -0.03000000 0.00000000 -0.16086369 0.00000000 3.40814900 1.97034735 1132.44542564 566.22271282 3.14820732 0.13093917 9877.52051744
1.17992794 0.00000000 -0.03100000 0.00000000 -0.16118817 0.00000000 3.40764642 1.96815541 1127.23929979 563.61964990 3.14794514 0.13083311 10202.07459876
1.17986193 0.00000000 -0.03200000 0.00000000 -0.16152143 0.00000000 3.40712703 1.96586743 1121.88831005 560.94415502 3.14767475 0.13072384 10526.18401171
1.17979354 0.00000000 -0.03300000 0.00000000 -0.16186329 0.00000000 3.40659079 1.96348111 1116.39477227 558.19738614 3.14739618 0.13061139 10849.83696799
1.17972275 0.00000000 -0.03400000 0.00000000 -0.16221359 0.00000000 3.40603767 1.96099405 1110.76104915 555.38052457 3.14710945 0.13049578 11173.02187558
1.17964953 0.00000000 -0.03500000 0.00000000 -0.16257218 0.00000000 3.40546762 1.95840378 1104.98954812 552.49477406 3.14681461 0.13037705 11495.72733874
1.17957384 0.00000000 -0.03600000 0.00000000 -0.16293888 0.00000000 3.40488061 1.95570779 1099.08271934 549.54135967 3.14651169 0.13025520 11817.94215757
1.17949568 0.00000000 -0.03700000 0.00000000 -0.16331353 0.00000000 3.40427658 1.95290347 1093.04305368 546.52152684 3.14620073 0.13013026 12139.65532732
1.17941502 0.00000000 -0.03800000 0.00000000 -0.16369597 0.00000000 3.40365548 1.94998815 1086.87308063 543.43654032 3.14588176 0.13000225 12460.85603728
1.17933182 0.00000000 -0.03900000 0.00000000 -0.16408601 0.00000000 3.40301727 1.94695909 1080.57536633 540.28768316 3.14555482 0.12987121 12781.53366941
1.17924607 0.00000000 -0.04000000 0.00000000 -0.16448348 0.00000000 3.40236190 1.94381348 1074.15251152 537.07625576 3.14521995 0.12973715 13101.67779667
1.17915774 0.00000000 -0.04100000 0.00000000 -0.16488823 0.00000000 3.40168930 1.94054844 1067.60714955 533.80357478 3.14487719 0.12960009 13421.27818099
1.17906680 0.00000000 -0.04200000 0.00000000 -0.16530006 0.00000000 3.40099942 1.93716102 1060.94194439 530.47097220 3.14452657 0.12946007 13740.32477107
1.17897323 0.00000000 -0.04300000 0.00000000 -0.16571882 0.00000000 3.40029220 1.93364822 1054.15958862 527.07979431 3.14416813 0.12931709 14058.80769982
1.17887700 0.00000000 -0.04400000 0.00000000 -0.16614432 0.00000000 3.39956757 1.93000694 1047.26280150 523.63140075 3.14380192 0.12917118 14376.71728161
1.17877809 0.00000000 -0.04500000 0.00000000 -0.16657639 0.00000000 3.39882548 1.92623403 1040.25432698 520.12716349 3.14342798 0.12902238 14694.04400926
1.17867646 0.00000000 -0.04600000 0.00000000 -0.16701486 0.00000000 3.39806584 1.92232626 1033.13693186 516.56846593 3.14304634 0.12887069 15010.77855083
1.17857210 0.00000000 -0.04700000 0.00000000 -0.16745955 0.00000000 3.39728859 1.91828036 1025.91340381 512.95670191 3.14265704 0.12871614 15326.91174618
1.17846498 0.00000000 -0.04800000 0.00000000 -0.16791029 0.00000000 3.39649365 1.91409296 1018.58654953 509.29327477 3.14226013 0.12855876 15642.43460335
1.17835507 0.00000000 -0.04900000 0.00000000 -0.16836691 0.00000000 3.39568095 1.90976063 1011.15919289 505.57959645 3.14185564 0.12839856 15957.33829478
1.17824234 0.00000000 -0.05000000 0.00000000 -0.16882923 0.00000000 3.39485040 1.90527989 1003.63417313 501.81708657 3.14144363 0.12823557 16271.61415336
1.17812677 0.00000000 -0.05100000 0.00000000 -0.16929708 0.00000000 3.39400192 1.90064717 996.01434302 498.00717151 3.14102412 0.12806980 16585.25366817
1.17800834 0.00000000 -0.05200000 0.00000000 -0.16977028 0.00000000 3.39313541 1.89585885 988.30256712 494.15128356 3.14059717 0.12790128 16898.24848047
1.17788701 0.00000000 -0.05300000 0.00000000 -0.17024867 0.00000000 3.39225079 1.89091124 980.50172006 490.25086003 3.14016281 0.12773003 17210.59037907
1.17776277 0.00000000 -0.05400000 0.00000000 -0.17073207 0.00000000 3.39134796 1.88580058 972.61468478 486.30734239 3.13972109 0.12755607 17522.27129598
1.17763557 0.00000000 -0.05500000 0.00000000 -0.17122032 0.00000000 3.39042683 1.88052305 964.64435090 482.32217545 3.13927204 0.12737941 17833.28330167
1.17750541 0.00000000 -0.05600000 0.00000000 -0.17171324 0.00000000 3.38948728 1.87507475 956.59361305 478.29680653 3.13881572 0.12720008 18143.61860054
1.17737225 0.00000000 -0.05700000 0.00000000 -0.17221067 0.00000000 3.38852921 1.86945173 948.46536928 474.23268464 3.13835217 0.12701809 18453.26952585
1.17723606 0.00000000 -0.05800000 0.00000000 -0.17271244 0.00000000 3.38755252 1.86364997 940.26251945 470.13125972 3.13788142 0.12683346 18762.22853508
1.17709683 0.00000000 -0.05900000 0.00000000 -0.17321839 0.00000000 3.38655708 1.85766539 931.98796369 465.99398184 3.13740352 0.12664621 19070.48820483
1.17695452 0.00000000 -0.06000000 0.00000000 -0.17372834 0.00000000 3.38554277 1.85149383 923.64460090 461.82230045 3.13691851 0.12645636 19378.04122597
1.17680911 0.00000000 -0.06100000 0.00000000 -0.17424214 0.00000000 3.38450948 1.84513109 915.23532727 457.61766363 3.13642645 0.12626392 19684.88039836
1.17666058 0.00000000 -0.06200000 0.00000000 -0.17475963 0.00000000 3.38345708 1.83857288 906.76303478 453.38151739 3.13592736 0.12606891 19990.99862587
1.17650889 0.00000000 -0.06300000 0.00000000 -0.17528065 0.00000000 3.38238542 1.83181488 898.23060987 449.11530494 3.13542130 0.12587135 20296.38891123
1.17635403 0.00000000 -0.06400000 0.00000000 -0.17580503 0.00000000 3.38129438 1.82485267 889.64093198 444.82046599 3.13490830 0.12567124 20601.04435070
1.17619596 0.00000000 -0.06500000 0.00000000 -0.17633262 0.00000000 3.38018382 1.81768179 880.99687225 440.49843612 3.13438841 0.12546860 20904.95812900
1.17603466 0.00000000 -0.06600000 0.00000000 -0.17686326 0.00000000 3.37905357 1.81029772 872.30129216 436.15064608 3.13386168 0.12526346 21208.12351411
1.17587012 0.00000000 -0.06700000 0.00000000 -0.17739680 0.00000000 3.37790351 1.80269588 863.55704232 431.77852116 3.13332815 0.12505581 21510.53385173
1.17570229 0.00000000 -0.06800000 0.00000000 -0.17793308 0.00000000 3.37673345 1.79487161 854.76696113 427.38348056 3.13278786 0.12484567 21812.18256034
1.17553116 0.00000000 -0.06900000 0.00000000 -0.17847196 0.00000000 3.37554326 1.78682020 845.93387363 422.96693681 3.13224085 0.12463306 22113.06312567
1.17535671 0.00000000 -0.07000000 0.00000000 -0.17901329 0.00000000 3.37433274 1.77853690 837.06059029 418.53029514 3.13168717 0.12441798 22413.16909530
1.17517890 0.00000000 -0.07100000 0.00000000 -0.17955691 0.00000000 3.37310174 1.77001687 828.14990586 414.07495293 3.13112686 0.12420044 22712.49407357
1.17499771 0.00000000 -0.07200000 0.00000000 -0.18010269 0.00000000 3.37185008 1.76125524 819.20459825 409.60229913 3.13055997 0.12398046 23011.03171617
1.17481312 0.00000000 -0.07300000 0.00000000 -0.18065047 0.00000000 3.37057756 1.75224707 810.22742744 405.11371372 3.12998653 0.12375804 23308.77572485
1.17462510 0.00000000 -0.07400000 0.00000000 -0.18120011 0.00000000 3.36928399 1.74298735 801.22113442 400.61056721 3.12940660 0.12353320 23605.71984186
1.17443364 0.00000000 -0.07500000 0.00000000 -0.18175147 0.00000000 3.36796919 1.73347104 792.18844017 396.09422008 3.12882021 0.12330593 23901.85784480
1.17423869 0.00000000 -0.07600000 0.00000000 -0.18230442 0.00000000 3.36663294 1.72369304 783.13204466 391.56602233 3.12822741 0.12307626 24197.18354119
1.17404025 0.00000000 -0.07700000 0.00000000 -0.18285881 0.00000000 3.36527503 1.71364818 774.05462588 387.02731294 3.12762824 0.12284417 24491.69076311
1.17383827 0.00000000 -0.07800000 0.00000000 -0.18341450 0.00000000 3.36389526 1.70333125 764.95883891 382.47941945 3.12702274 0.12260968 24785.37336183
1.17363275 0.00000000 -0.07900000 0.00000000 -0.18397137 0.00000000 3.36249338 1.69273700 755.84731502 377.92365751 3.12641097 0.12237280 25078.22520238
1.17342366 0.00000000 -0.08000000 0.00000000 -0.18452928 0.00000000 3.36106918 1.68186010 746.72266076 373.36133038 3.12579295 0.12213353 25370.24015818
1.17321096 0.00000000 -0.08100000 0.00000000 -0.18508809 0.00000000 3.35962241 1.67069520 737.58745716 368.79372858 3.12516874 0.12189186 25661.41210569
1.17299464 0.00000000 -0.08200000 0.00000000 -0.18564768 0.00000000 3.35815283 1.65923688 728.44425886 364.22212943 3.12453837 0.12164781 25951.73491903
1.17277468 0.00000000 -0.08300000 0.00000000 -0.18620792 0.00000000 3.35666018 1.64747970 719.29559336 359.64779668 3.12390189 0.12140138 26241.20246386
1.17255103 0.00000000 -0.08400000 0.00000000 -0.18676867 0.00000000 3.35514420 1.63541814 710.14396023 355.07198012 3.12325935 0.12115256 26529.80859300
1.17232370 0.00000000 -0.08500000 0.00000000 -0.18732983 0.00000000 3.35360462 1.62304668 700.99183037 350.49591518 3.12261078 0.12090136 26817.54714033
1.17209264 0.00000000 -0.08600000 0.00000000 -0.18789125 0.00000000 3.35204116 1.61035972 691.84164530 345.92082265 3.12195622 0.12064778 27104.41191497
1.17185783 0.00000000 -0.08700000 0.00000000 -0.18845283 0.00000000 3.35045353 1.59735163 682.69581650 341.34790825 3.12129573 0.12039181 27390.39669628
1.17161925 0.00000000 -0.08800000 0.00000000 -0.18901443 0.00000000 3.34884144 1.58401676 673.55672471 336.77836236 3.12062933 0.12013345 27675.49522807
1.17137687 0.00000000 -0.08900000 0.00000000 -0.18957594 0.00000000 3.34720459 1.57034941 664.42671934 332.21335967 3.11995708 0.11987271 27959.70121255
1.17113067 0.00000000 -0.09000000 0.00000000 -0.19013724 0.00000000 3.34554265 1.55634384 655.30811781 327.65405890 3.11927901 0.11960957 28243.00830509
1.17088062 0.00000000 -0.09100000 0.00000000 -0.19069821 0.00000000 3.34385529 1.54199430 646.20320501 323.10160250 3.11859518 0.11934404 28525.41010820
1.17062670 0.00000000 -0.09200000 0.00000000 -0.19125874 0.00000000 3.34214220 1.52729498 637.11423273 318.55711637 3.11790561 0.11907610 28806.90016578
1.17036888 0.00000000 -0.09300000 0.00000000 -0.19181871 0.00000000 3.34040301 1.51224006 628.04341912 314.02170956 3.11721035 0.11880576 29087.47195693
1.17010714 0.00000000 -0.09400000 0.00000000 -0.19237802 0.00000000 3.33863737 1.49682371 618.99294817 309.49647408 3.11650944 0.11853299 29367.11889035
1.16984144 0.00000000 -0.09500000 0.00000000 -0.19293653 0.00000000 3.33684492 1.48104006 609.96496923 304.98248462 3.11580293 0.11825781 29645.83429795
1.16957177 0.00000000 -0.09600000 0.00000000 -0.19349416 0.00000000 3.33502527 1.46488321 600.96159657 300.48079829 3.11509085 0.11798019 29923.61142862
1.16929809 0.00000000 -0.09700000 0.00000000 -0.19405079 0.00000000 3.33317803 1.44834728 591.98490889 295.99245445 3.11437325 0.11770012 30200.44344227
1.16902038 0.00000000 -0.09800000 0.00000000 -0.19460630 0.00000000 3.33130279 1.43142634 583.03694894 291.51847447 3.11365017 0.11741761 30476.32340286
1.16873861 0.00000000 -0.09900000 0.00000000 -0.19516059 0.00000000 3.32939915 1.41411447 574.11972309 287.05986154 3.11292164 0.11713262 30751.24427229
1.16845275 0.00000000 -0.10000000 0.00000000 -0.19571356 0.00000000 3.32746666 1.39640575 565.23520099 282.61760049 3.11218772 0.11684516 31025.19890334
1.16816279 0.00000000 -0.10100000 0.00000000 -0.19626510 0.00000000 3.32550489 1.37829423 556.38531519 278.19265760 3.11144843 0.11655521 31298.18003305
1.16786867 0.00000000 -0.10200000 0.00000000 -0.19681511 0.00000000 3.32351337 1.35977401 547.57196083 273.78598042 3.11070382 0.11626275 31570.18027577
1.16757039 0.00000000 -0.10300000 0.00000000 -0.19736347 0.00000000 3.32149164 1.34083914 538.79699529 269.39849764 3.10995394 0.11596777 31841.19211530
1.16726791 0.00000000 -0.10400000 0.00000000 -0.19791010 0.00000000 3.31943920 1.32148372 530.06223793 265.03111897 3.10919882 0.11567025 32111.20789854
1.16696119 0.00000000 -0.10500000 0.00000000 -0.19845488 0.00000000 3.31735555 1.30170185 521.36946982 260.68473491 3.10843849 0.11537018 32380.21982688
1.16665022 0.00000000 -0.10600000 0.00000000 -0.19899771 0.00000000 3.31524017 1.28148766 512.72043347 256.36021674 3.10767301 0.11506752 32648.21994894
1.16633495 0.00000000 -0.10700000 0.00000000 -0.19953851 0.00000000 3.31309252 1.26083528 504.11683261 252.05841630 3.10690241 0.11476228 32915.20015255
1.16601536 0.00000000 -0.10800000 0.00000000 -0.20007715 0.00000000 3.31091205 1.23973890 495.56033197 247.78016598 3.10612673 0.11445441 33181.15215564
1.16569142 0.00000000 -0.10900000 0.00000000 -0.20061356 0.00000000 3.30869818 1.21819274 487.05255711 243.52627855 3.10534601 0.11414391 33446.06749873
1.16536309 0.00000000 -0.11000000 0.00000000 -0.20114762 0.00000000 3.30645032 1.19619103 478.59509420 239.29754710 3.10456029 0.11383074 33709.93753505
1.16503033 0.00000000 -0.11100000 0.00000000 -0.20167924 0.00000000 3.30416785 1.17372810 470.18948994 235.09474497 3.10376961 0.11351488 33972.75342169
1.16469312 0.00000000 -0.11200000 0.00000000 -0.20220832 0.00000000 3.30185015 1.15079828 461.83725134 230.91862567 3.10297401 0.11319632 34234.50611015
1.16435142 0.00000000 -0.11300000 0.00000000 -0.20273476 0.00000000 3.29949655 1.12739601 453.53984564 226.76992282 3.10217352 0.11287500 34495.18633597
1.16400519 0.00000000 -0.11400000 0.00000000 -0.20325847 0.00000000 3.29710639 1.10351576 445.29870025 222.64935012 3.10136819 0.11255092 34754.78460889
1.16365440 0.00000000 -0.11500000 0.00000000 -0.20377934 0.00000000 3.29467895 1.07915211 437.11520257 218.55760129 3.10055806 0.11222404 35013.29120149
1.16329901 0.00000000 -0.11600000 0.00000000 -0.20429729 0.00000000 3.29221353 1.05429969 428.99070003 214.49535002 3.09974316 0.11189433 35270.69613827
1.16293898 0.00000000 -0.11700000 0.00000000 -0.20481222 0.00000000 3.28970936 1.02895324 420.92649997 210.46324999 3.09892352 0.11156175 35526.98918389
1.16257426 0.00000000 -0.11800000 0.00000000 -0.20532402 0.00000000 3.28716567 1.00310761 412.92386964 206.46193482 3.09809920 0.11122627 35782.15983094
1.16220483 0.00000000 -0.11900000 0.00000000 -0.20583261 0.00000000 3.28458166 0.97675775 404.98403617 202.49201808 3.09727022 0.11088786 36036.19728684
1.16183063 0.00000000 -0.12000000 0.00000000 -0.20633788 0.00000000 3.28195650 0.94989872 397.10818659 198.55409329 3.09643663 0.11054647 36289.09046094
1.16145163 0.00000000 -0.12100000 0.00000000 -0.20683974 0.00000000 3.27928932 0.92252574 389.29746783 194.64873392 3.09559846 0.11020207 36540.82794974
1.16106777 0.00000000 -0.12200000 0.00000000 -0.20733808 0.00000000 3.27657924 0.89463413 381.55298679 190.77649339 3.09475575 0.10985461 36791.39802275
1.16067902 0.00000000 -0.12300000 0.00000000 -0.20783282 0.00000000 3.27382533 0.86621941 373.87581032 186.93790516 3.09390854 0.10950406 37040.78860678
1.16028532 0.00000000 -0.12400000 0.00000000 -0.20832386 0.00000000 3.27102662 0.83727723 366.26696536 183.13348268 3.09305686 0.10915036 37288.98726937
1.15988662 0.00000000 -0.12500000 0.00000000 -0.20881108 0.00000000 3.26818214 0.80780343 358.72743898 179.36371949 3.09220074 0.10879347 37535.98120196
1.15948288 0.00000000 -0.12600000 0.00000000 -0.20929441 0.00000000 3.26529083 0.77779405 351.25817850 175.62908925 3.09134024 0.10843335 37781.75720174
1.15907404 0.00000000 -0.12700000 0.00000000 -0.20977373 0.00000000 3.26235164 0.74724531 343.86009156 171.93004578 3.09047538 0.10806993 38026.30165242
1.15866004 0.00000000 -0.12800000 0.00000000 -0.21024894 0.00000000 3.25936346 0.71615368 336.53404630 168.26702315 3.08960619 0.10770317 38269.60050423
1.15824083 0.00000000 -0.12900000 0.00000000 -0.21071994 0.00000000 3.25632512 0.68451585 329.28087143 164.64043572 3.08873272 0.10733301 38511.63925253
1.15781635 0.00000000 -0.13000000 0.00000000 -0.21118664 0.00000000 3.25323543 0.65232877 322.10135647 161.05067824 3.08785500 0.10695940 38752.40291538
1.15738654 0.00000000 -0.13100000 0.00000000 -0.21164891 0.00000000 3.25009315 0.61958964 314.99625184 157.49812592 3.08697306 0.10658226 38991.87600967
1.15695134 0.00000000 -0.13200000 0.00000000 -0.21210667 0.00000000 3.24689697 0.58629598 307.96626907 153.98313453 3.08608694 0.10620155 39230.04252573
1.15651067 0.00000000 -0.13300000 0.00000000 -0.21255979 0.00000000 3.24364556 0.55244559 301.01208099 150.50604049 3.08519668 0.10581718 39466.88590062
1.15606447 0.00000000 -0.13400000 0.00000000 -0.21300817 0.00000000 3.24033751 0.51803661 294.13432194 147.06716097 3.08430230 0.10542911 39702.38898950
1.15561267 0.00000000 -0.13500000 0.00000000 -0.21345171 0.00000000 3.23697136 0.48306754 287.33358800 143.66679400 3.08340384 0.10503724 39936.53403542
1.15515520 0.00000000 -0.13600000 0.00000000 -0.21389028 0.00000000 3.23354559 0.44753724 280.61043716 140.30521858 3.08250134 0.10464151 40169.30263691
1.15469196 0.00000000 -0.13700000 0.00000000 -0.21432377 0.00000000 3.23005862 0.41144497 273.96538964 136.98269482 3.08159483 0.10424184 40400.67571367
1.15422289 0.00000000 -0.13800000 0.00000000 -0.21475207 0.00000000 3.22650879 0.37479043 267.39892809 133.69946404 3.08068434 0.10383815 40630.63346979
1.15374790 0.00000000 -0.13900000 0.00000000 -0.21517505 0.00000000 3.22289438 0.33757374 260.91149784 130.45574892 3.07976991 0.10343034 40859.15535455
1.15326690 0.00000000 -0.14000000 0.00000000 -0.21559258 0.00000000 3.21921360 0.29979553 254.50350724 127.25175362 3.07885156 0.10301834 41086.22002051
1.15277979 0.00000000 -0.14100000 0.00000000 -0.21600455 0.00000000 3.21546457 0.26145693 248.17532787 124.08766393 3.07792933 0.10260205 41311.80527849
1.15228648 0.00000000 -0.14200000 0.00000000 -0.21641083 0.00000000 3.21164532 0.22255962 241.92729486 120.96364743 3.07700324 0.10218136 41535.88804963
1.15178686 0.00000000 -0.14300000 0.00000000 -0.21681127 0.00000000 3.20775381 0.18310585 235.75970718 117.87985359 3.07607334 0.10175619 41758.44431360
1.15128083 0.00000000 -0.14400000 0.00000000 -0.21720575 0.00000000 3.20378789 0.14309849 229.67282798 114.83641399 3.07513965 0.10132641 41979.44905312
1.15076828 0.00000000 -0.14500000 0.00000000 -0.21759412 0.00000000 3.19974532 0.10254109 223.66688484 111.83344242 3.07420220 0.10089193 42198.87619435
1.15024908 0.00000000 -0.14600000 0.00000000 -0.21797623 0.00000000 3.19562374 0.06143787 217.74207016 108.87103508 3.07326102 0.10045261 42416.69854243
1.14972311 0.00000000 -0.14700000 0.00000000 -0.21835194 0.00000000 3.19142068 0.01979382 211.89854143 105.94927071 3.07231613 0.10000834 42632.88771226
1.14919024 0.00000000 -0.14800000 0.00000000 -0.21872108 0.00000000 3.18713358 -0.02238531 206.13642158 103.06821079 3.07136758 0.09955899 42847.41405342
1.14865034 0.00000000 -0.14900000 0.00000000 -0.21908350 0.00000000 3.18275969 -0.06509288 200.45579932 100.22789966 3.07041537 0.09910441 43060.24656923
1.14810324 0.00000000 -0.15000000 0.00000000 -0.21943902 0.00000000 3.17829619 -0.10832138 194.85672948 97.42836474 3.06945956 0.09864448 43271.35282895
1.14754881 0.00000000 -0.15100000 0.00000000 -0.21978747 0.00000000 3.17374006 -0.15206232 189.33923332 94.66961666 3.06850014 0.09817903 43480.69887239
1.14698688 0.00000000 -0.15200000 0.00000000 -0.22012867 0.00000000 3.16908816 -0.19630619 183.90329889 91.95164945 3.06753717 0.09770791 43688.24910661
1.14641728 0.00000000 -0.15300000 0.00000000 -0.22046242 0.00000000 3.16433716 -0.24104239 178.54888137 89.27444068 3.06657065 0.09723095 43893.96619312
1.14583981 0.00000000 -0.15400000 0.00000000 -0.22078852 0.00000000 3.15948356 -0.28625913 173.27590338 86.63795169 3.06560062 0.09674798 44097.81092520
1.14525430 0.00000000 -0.15500000 0.00000000 -0.22110677 0.00000000 3.15452367 -0.33194339 168.08425531 84.04212766 3.06462709 0.09625881 44299.74209373
1.14466053 0.00000000 -0.15600000 0.00000000 -0.22141694 0.00000000 3.14945358 -0.37808080 162.97379568 81.48689784 3.06365010 0.09576324 44499.71634056
1.14405830 0.00000000 -0.15700000 0.00000000 -0.22171880 0.00000000 3.14426916 -0.42465554 157.94435139 78.97217570 3.06266966 0.09526106 44697.68799769
1.14344735 0.00000000 -0.15800000 0.00000000 -0.22201210 0.00000000 3.13896605 -0.47165028 152.99571805 76.49785903 3.06168579 0.09475207 44893.60891069
1.14282746 0.00000000 -0.15900000 0.00000000 -0.22229659 0.00000000 3.13353962 -0.51904604 148.12766027 74.06383013 3.06069852 0.09423602 45087.42824441
1.14219835 0.00000000 -0.16000000 0.00000000 -0.22257200 0.00000000 3.12798497 -0.56682203 143.33991188 71.66995594 3.05970786 0.09371267 45279.09226873
1.14155974 0.00000000 -0.16100000 0.00000000 -0.22283803 0.00000000 3.12229687 -0.61495560 138.63217624 69.31608812 3.05871384 0.09318175 45468.54412172
1.14091134 0.00000000 -0.16200000 0.00000000 -0.22309438 0.00000000 3.11646978 -0.66342204 134.00412638 67.00206319 3.05771646 0.09264299 45655.72354723
1.14025282 0.00000000 -0.16300000 0.00000000 -0.22334072 0.00000000 3.11049780 -0.71219440 129.45540521 64.72770261 3.05671575 0.09209610 45840.56660373
1.13958385 0.00000000 -0.16400000 0.00000000 -0.22357671 0.00000000 3.10437463 -0.76124338 124.98562566 62.49281283 3.05571173 0.09154075 46023.00533990
1.13890404 0.00000000 -0.16500000 0.00000000 -0.22380197 0.00000000 3.09809353 -0.81053707 120.59437075 60.29718537 3.05470439 0.09097661 46202.96743253
1.13821300 0.00000000 -0.16600000 0.00000000 -0.22401610 0.00000000 3.09164731 -0.86004080 116.28119364 58.14059682 3.05369377 0.09040331 46380.37578138
1.13751031 0.00000000 -0.16700000 0.00000000 -0.22421868 0.00000000 3.08502825 -0.90971683 112.04561758 56.02280879 3.05267987 0.08982048 46555.14805400
1.13679550 0.00000000 -0.16800000 0.00000000 -0.22440925 0.00000000 3.07822808 -0.95952414 107.88713581 53.94356790 3.05166270 0.08922769 46727.19617340
1.13606807 0.00000000 -0.16900000 0.00000000 -0.22458731 0.00000000 3.07123787 -1.00941812 103.80521133 51.90260567 3.05064227 0.08862450 46896.42573901
1.13532747 0.00000000 -0.17000000 0.00000000 -0.22475233 0.00000000 3.06404803 -1.05935021 99.79927660 49.89963830 3.04961858 0.08801043 47062.73536993
1.13457314 0.00000000 -0.17100000 0.00000000 -0.22490373 0.00000000 3.05664820 -1.10926760 95.86873305 47.93436652 3.04859165 0.08738496 47226.01595775
1.13380441 0.00000000 -0.17200000 0.00000000 -0.22504088 0.00000000 3.04902714 -1.15911271 92.01295048 46.00647524 3.04756148 0.08674752 47386.14981275
1.13302060 0.00000000 -0.17300000 0.00000000 -0.22516309 0.00000000 3.04117267 -1.20882280 88.23126626 44.11563313 3.04652807 0.08609751 47543.00968433
1.13222095 0.00000000 -0.17400000 0.00000000 -0.22526961 0.00000000 3.03307155 -1.25832940 84.52298425 42.26149212 3.04549142 0.08543427 47696.45763213
1.13140461 0.00000000 -0.17500000 0.00000000 -0.22535963 0.00000000 3.02470932 -1.30755768 80.88737348 40.44368674 3.04445153 0.08475707 47846.34371898
1.13057067 0.00000000 -0.17600000 0.00000000 -0.22543224 0.00000000 3.01607017 -1.35642575 77.32366651 38.66183326 3.04340841 0.08406512 47992.50448990
1.12971811 0.00000000 -0.17700000 0.00000000 -0.22548645 0.00000000 3.00713674 -1.40484383 73.83105729 36.91552865 3.04236204 0.08335756 48134.76119233
1.12884581 0.00000000 -0.17800000 0.00000000 -0.22552115 0.00000000 2.99788992 -1.45271333 70.40869859 35.20434929 3.04131242 0.08263342 48272.91768182
1.12795253 0.00000000 -0.17900000 0.00000000 -0.22553511 0.00000000 2.98830859 -1.49992569 67.05569869 33.52784934 3.04025955 0.08189166 48406.75794164
1.12703687 0.00000000 -0.18000000 0.00000000 -0.22552697 0.00000000 2.97836930 -1.54636113 63.77111739 31.88555870 3.03920342 0.08113110 48536.04312571
1.12609727 0.00000000 -0.18100000 0.00000000 -0.22549518 0.00000000 2.96804594 -1.59188703 60.55396089 30.27698045 3.03814402 0.08035043 48660.50800659
1.12513199 0.00000000 -0.18200000 0.00000000 -0.22543802 0.00000000 2.95730924 -1.63635612 57.40317545 28.70158773 3.03708134 0.07954821 48779.85667554
1.12413905 0.00000000 -0.18300000 0.00000000 -0.22535352 0.00000000 2.94612629 -1.67960425 54.31763936 27.15881968 3.03601537 0.07872278 48893.75729102
1.12311618 0.00000000 -0.18400000 0.00000000 -0.22523944 0.00000000 2.93445980 -1.72144766 51.29615277 25.64807639 3.03494610 0.07787229 49001.83560431
1.12211618 0.00000000 -0.18494833 0.00000000 -0.22510159 0.00000000 2.92291096 -1.75964388 48.48879113 24.24439557 3.03392902 0.07704066 49098.56560042
1.12111618 0.00000000 -0.18586792 0.00000000 -0.22493793 0.00000000 2.91122126 -1.79511135 45.81926817 22.90963409 3.03293992 0.07620894 49186.61040339
1.12011618 0.00000000 -0.18675903 0.00000000 -0.22474863 0.00000000 2.89939162 -1.82780933 43.28090442 21.64045221 3.03197879 0.07537717 49266.11401452
1.11911618 0.00000000 -0.18762188 0.00000000 -0.22453389 0.00000000 2.88742315 -1.85770393 40.86733915 20.43366957 3.03104561 0.07454543 49337.22034382
1.11811618 0.00000000 -0.18845673 0.00000000 -0.22429387 0.00000000 2.87531716 -1.88476830 38.57251506 19.28625753 3.03014038 0.07371377 49400.07351648
1.11711618 0.00000000 -0.18926383 0.00000000 -0.22402874 0.00000000 2.86307514 -1.90898271 36.39066386 18.19533193 3.02926307 0.07288227 49454.81813152
1.11611618 0.00000000 -0.19004341 0.00000000 -0.22373867 0.00000000 2.85069877 -1.93033466 34.31629263 17.15814631 3.02841364 0.07205101 49501.59947346
1.11511618 0.00000000 -0.19079574 0.00000000 -0.22342382 0.00000000 2.83818992 -1.94881893 32.34417100 16.17208550 3.02759206 0.07122008 49540.56367949
1.11411618 0.00000000 -0.19152107 0.00000000 -0.22308435 0.00000000 2.82555063 -1.96443761 30.46931904 15.23465952 3.02679827 0.07038956 49571.85786384
1.11311618 0.00000000 -0.19221967 0.00000000 -0.22272041 0.00000000 2.81278311 -1.97720005 28.68699574 14.34349787 3.02603220 0.06955956 49595.63020173
1.11211618 0.00000000 -0.19289181 0.00000000 -0.22233216 0.00000000 2.79988974 -1.98712285 26.99268812 13.49634406 3.02529378 0.06873016 49612.02997484
1.11111618 0.00000000 -0.19353776 0.00000000 -0.22191976 0.00000000 2.78687307 -1.99422979 25.38210095 12.69105048 3.02458292 0.06790146 49621.20758102
1.11011618 0.00000000 -0.19415781 0.00000000 -0.22148334 0.00000000 2.77373580 -1.99855168 23.85114692 11.92557346 3.02389953 0.06707358 49623.31451059
1.10911618 0.00000000 -0.19475225 0.00000000 -0.22102308 0.00000000 2.76048075 -2.00012630 22.39593730 11.19796865 3.02324349 0.06624662 49618.50329182
1.10811618 0.00000000 -0.19532137 0.00000000 -0.22053912 0.00000000 2.74711090 -1.99899821 21.01277308 10.50638654 3.02261468 0.06542068 49606.92740857
1.10711618 0.00000000 -0.19586550 0.00000000 -0.22003162 0.00000000 2.73362937 -1.99521858 19.69813656 9.84906828 3.02201297 0.06459589 49588.74119268
1.10611618 0.00000000 -0.19638493 0.00000000 -0.21950072 0.00000000 2.72003936 -1.98884508 18.44868324 9.22434162 3.02143821 0.06377234 49564.09969404
1.10511618 0.00000000 -0.19687999 0.00000000 -0.21894658 0.00000000 2.70634420 -1.97994162 17.26123419 8.63061710 3.02089024 0.06295015 49533.15853147
1.10411618 0.00000000 -0.19735100 0.00000000 -0.21836937 0.00000000 2.69254733 -1.96857827 16.13276872 8.06638436 3.02036890 0.06212945 49496.07372692
1.10311618 0.00000000 -0.19779831 0.00000000 -0.21776922 0.00000000 2.67865226 -1.95483105 15.06041744 7.53020872 3.01987401 0.06131033 49453.00152630
1.10211618 0.00000000 -0.19822224 0.00000000 -0.21714631 0.00000000 2.66466258 -1.93878180 14.04145558 7.02072779 3.01940537 0.06049292 49404.09820945
1.10111618 0.00000000 -0.19862314 0.00000000 -0.21650079 0.00000000 2.65058195 -1.92051814 13.07329676 6.53664838 3.01896278 0.05967733 49349.51989219
1.10011618 0.00000000 -0.19900137 0.00000000 -0.21583281 0.00000000 2.63641410 -1.90013336 12.15348694 6.07674347 3.01854604 0.05886367 49289.42232293
1.09911618 0.00000000 -0.19935727 0.00000000 -0.21514253 0.00000000 2.62216279 -1.87772652 11.27969885 5.63984943 3.01815493 0.05805205 49223.96067638
1.09811618 0.00000000 -0.19969120 0.00000000 -0.21443011 0.00000000 2.60783184 -1.85340255 10.44972663 5.22486332 3.01778922 0.05724259 49153.28934679
1.09711618 0.00000000 -0.20000353 0.00000000 -0.21369572 0.00000000 2.59342507 -1.82727250 9.66148090 4.83074045 3.01744867 0.05643540 49077.56174266
1.09611618 0.00000000 -0.20029461 0.00000000 -0.21293950 0.00000000 2.57894636 -1.79945400 8.91298420 4.45649210 3.01713304 0.05563058 48996.93008519
1.09511618 0.00000000 -0.20056482 0.00000000 -0.21216163 0.00000000 2.56439956 -1.77007186 8.20236684 4.10118342 3.01684209 0.05482825 48911.54521186
1.09411618 0.00000000 -0.20081451 0.00000000 -0.21136224 0.00000000 2.54978855 -1.73925903 7.52786327 3.76393163 3.01657555 0.05402851 48821.55638709
1.09311618 0.00000000 -0.20104406 0.00000000 -0.21054151 0.00000000 2.53511720 -1.70715792 6.88780893 3.44390446 3.01633318 0.05323145 48727.11112107
1.09211618 0.00000000 -0.20125382 0.00000000 -0.20969959 0.00000000 2.52038936 -1.67392217 6.28063791 3.14031895 3.01611469 0.05243720 48628.35499805
1.09111618 0.00000000 -0.20144418 0.00000000 -0.20883663 0.00000000 2.50560888 -1.63971920 5.70488136 2.85244068 3.01591983 0.05164584 48525.43151498
1.09011618 0.00000000 -0.20161548 0.00000000 -0.20795279 0.00000000 2.49077956 -1.60473361 5.15916703 2.57958351 3.01574832 0.05085748 48418.48193124
1.08911618 0.00000000 -0.20176810 0.00000000 -0.20704821 0.00000000 2.47590517 -1.56917191 4.64222029 2.32111014 3.01559989 0.05007220 48307.64513007
1.08811618 0.00000000 -0.20190239 0.00000000 -0.20612305 0.00000000 2.46098947 -1.53326905 4.15286705 2.07643353 3.01547425 0.04929011 48193.05749205
1.08711618 0.00000000 -0.20201871 0.00000000 -0.20517745 0.00000000 2.44603614 -1.49729748 3.69003941 1.84501971 3.01537113 0.04851130 48074.85278083
1.08611618 0.00000000 -0.20211742 0.00000000 -0.20421155 0.00000000 2.43104883 -1.46157985 3.25278506 1.62639253 3.01529025 0.04773586 47953.16204130
1.08511618 0.00000000 -0.20219885 0.00000000 -0.20322550 0.00000000 2.41603116 -1.42650696 2.84028210 1.42014105 3.01523133 0.04696387 47828.11350983
1.08411618 0.00000000 -0.20226336 0.00000000 -0.20221944 0.00000000 2.40098664 -1.39256344 2.45186165 1.22593083 3.01519409 0.04619543 47699.83253670
1.08311618 0.00000000 -0.20231128 0.00000000 -0.20119349 0.00000000 2.38591877 -1.36036445 2.08704170 1.04352085 3.01517824 0.04543062 47568.44152034
1.08211618 0.00000000 -0.20234296 0.00000000 -0.20014779 0.00000000 2.37083098 -1.33070845 1.74557709 1.00000000 3.01518352 0.04466951 47434.05985269
1.08111618 0.00000000 -0.20235870 0.00000000 -0.19908247 0.00000000 2.35572660 -1.30465224 1.42753191 1.00000000 3.01520963 0.04391220 47296.80387561
1.08011618 0.00000000 -0.20235885 0.00000000 -0.19799765 0.00000000 2.34060894 -1.28361433 1.13338033 1.00000000 3.01525631 0.04315876 47156.78684751
1.07911618 0.00000000 -0.20234371 0.00000000 -0.19689344 0.00000000 2.32548120 -1.26950675 0.86413599 1.00000000 3.01532328 0.04240928 47014.11891969
1.07811618 0.00000000 -0.20231359 0.00000000 -0.19576997 0.00000000 2.31034655 -1.26487231 0.62148695 1.00000000 3.01541027 0.04166382 46868.90712156
1.07711618 0.00000000 -0.20226880 0.00000000 -0.19462734 0.00000000 2.29520805 -1.27294373 0.40785260 1.00000000 3.01551701 0.04092246 46721.25535451
1.07611618 0.00000000 -0.20220962 0.00000000 -0.19346566 0.00000000 2.28006872 -1.29743063 0.22616853 1.00000000 3.01564324 0.04018528 46571.26439291
1.07511618 0.00000000 -0.20213634 0.00000000 -0.19228502 0.00000000 2.26493147 -1.34176089 0.07912593 1.00000000 3.01578870 0.03945235 46419.03189264
1.07411618 0.00000000 -0.20204925 0.00000000 -0.19108553 0.00000000 2.24979917 -1.40774412 -0.03216690 1.00000000 3.01595312 0.03872374 46264.65240509
1.07311618 0.00000000 -0.20194861 0.00000000 -0.18986728 0.00000000 2.23467460 -1.49436229 -0.10939572 1.00000000 3.01613626 0.03799953 46108.21739702
1.07211618 0.00000000 -0.20183469 0.00000000 -0.18863035 0.00000000 2.21956046 -1.59778888 -0.15702294 1.00000000 3.01633787 0.03727978 45949.81527531
1.07111618 0.00000000 -0.20170773 0.00000000 -0.18737482 0.00000000 2.20445938 -1.71273533 -0.18094280 1.00000000 3.01655769 0.03656456 45789.53141469
1.07011618 0.00000000 -0.20156800 0.00000000 -0.18610077 0.00000000 2.18937392 -1.83400693 -0.18692711 1.00000000 3.01679550 0.03585394 45627.44819014
1.06911618 0.00000000 -0.20141572 0.00000000 -0.18480828 0.00000000 2.17430656 -1.95737358 -0.17975590 1.00000000 3.01705105 0.03514799 45463.64501063
1.06811618 0.00000000 -0.20125113 0.00000000 -0.18349739 0.00000000 2.15925970 -2.07974397 -0.16304467 1.03987198 3.01732411 0.03444677 45298.19835539
1.06711618 0.00000000 -0.20107444 0.00000000 -0.18216819 0.00000000 2.14423567 -2.19899715 -0.13941419 1.09949857 3.01761446 0.03375036 45131.18181102
1.06611618 0.00000000 -0.20088588 0.00000000 -0.18082072 0.00000000 2.12923672 -2.31373598 -0.11073828 1.15686799 3.01792188 0.03305882 44962.66611000
1.06511618 0.00000000 -0.20068563 0.00000000 -0.17945504 0.00000000 2.11426502 -2.42307198 -0.07836020 1.21153599 3.01824615 0.03237222 44792.71916792
1.06411618 0.00000000 -0.20047391 0.00000000 -0.17807118 0.00000000 2.09932269 -2.52646527 -0.04325382 1.26323263 3.01858706 0.03169062 44621.40612118
1.06311618 0.00000000 -0.20025089 0.00000000 -0.17666920 0.00000000 2.08441175 -2.62361302 -0.00613619 1.31180651 3.01894442 0.03101409 44448.78936270
1.06211618 0.00000000 -0.20001675 0.00000000 -0.17524912 0.00000000 2.06953414 -2.71437364 0.03245551 1.35718682 3.01931801 0.03034270 44274.92857639
1.06111618 0.00000000 -0.19977166 0.00000000 -0.17381098 0.00000000 2.05469174 -2.79871546 0.07211182 1.39935773 3.01970766 0.02967651 44099.88076900
1.06011618 0.00000000 -0.19951578 0.00000000 -0.17235480 0.00000000 2.03988634 -2.87668199 0.11251525 1.43834099 3.02011317 0.02901558 43923.70029907
1.05911618 0.00000000 -0.19924925 0.00000000 -0.17088061 0.00000000 2.02511968 -2.94836807 0.15341571 1.47418404 3.02053436 0.02835999 43746.43890250
1.05811618 0.00000000 -0.19897222 0.00000000 -0.16938841 0.00000000 2.01039338 -3.01390350 0.19461320 1.50695175 3.02097106 0.02770980 43568.14571409
1.05711618 0.00000000 -0.19868482 0.00000000 -0.16787823 0.00000000 1.99570901 -3.07344154 0.23594563 1.53672077 3.02142311 0.02706508 43388.86728450
1.05611618 0.00000000 -0.19838716 0.00000000 -0.16635007 0.00000000 1.98106805 -3.12715079 0.27728004 1.56357540 3.02189034 0.02642589 43208.64759235
1.05511618 0.00000000 -0.19807936 0.00000000 -0.16480393 0.00000000 1.96647190 -3.17520951 0.31850612 1.58760475 3.02237260 0.02579231 43027.52805035
1.05411618 0.00000000 -0.19776152 0.00000000 -0.16323981 0.00000000 1.95192188 -3.21780140 0.35953152 1.60890070 3.02286975 0.02516439 42845.54750542
1.05311618 0.00000000 -0.19743373 0.00000000 -0.16165770 0.00000000 1.93741922 -3.25511271 0.40027826 1.62755635 3.02338165 0.02454222 42662.74223201
1.05211618 0.00000000 -0.19709606 0.00000000 -0.16005760 0.00000000 1.92296506 -3.28733000 0.44068001 1.64366500 3.02390817 0.02392584 42479.14591790
1.05111618 0.00000000 -0.19674859 0.00000000 -0.15843948 0.00000000 1.90856045 -3.31463863 0.48068004 1.65731931 3.02444919 0.02331535 42294.78964176
1.05011618 0.00000000 -0.19639138 0.00000000 -0.15680333 0.00000000 1.89420634 -3.33722158 0.52022959 1.66861079 3.02500459 0.02271079 42109.70184228
1.04911618 0.00000000 -0.19602445 0.00000000 -0.15514912 0.00000000 1.87990360 -3.35525864 0.55928658 1.67762932 3.02557428 0.02211226 41923.90827729
1.04811618 0.00000000 -0.19564786 0.00000000 -0.15347683 0.00000000 1.86565298 -3.36892579 0.59781462 1.68446290 3.02615816 0.02151980 41737.43197267
1.04711618 0.00000000 -0.19526162 0.00000000 -0.15178643 0.00000000 1.85145514 -3.37839480 0.63578217 1.68919740 3.02675615 0.02093350 41550.29316003
1.04611618 0.00000000 -0.19486573 0.00000000 -0.15007787 0.00000000 1.83731061 -3.38383286 0.67316190 1.69191643 3.02736818 0.02035342 41362.50920192
1.04511618 0.00000000 -0.19446020 0.00000000 -0.14835113 0.00000000 1.82321981 -3.38540244 0.70993013 1.69270122 3.02799418 0.01977964 41174.09450359
1.04411618 0.00000000 -0.19404500 0.00000000 -0.14660615 0.00000000 1.80918305 -3.38326108 0.74606641 1.69163054 3.02863412 0.01921222 40985.06041071
1.04311618 0.00000000 -0.19362009 0.00000000 -0.14484289 0.00000000 1.79520049 -3.37756132 0.78155308 1.68878066 3.02928795 0.01865125 40795.41509014
1.04211618 0.00000000 -0.19318542 0.00000000 -0.14306130 0.00000000 1.78127216 -3.36845063 0.81637502 1.68422532 3.02995567 0.01809678 40605.16339414
1.04111618 0.00000000 -0.19274092 0.00000000 -0.14126133 0.00000000 1.76739795 -3.35607137 0.85051934 1.67803569 3.03063727 0.01754890 40414.30670497
1.04011618 0.00000000 -0.19228650 0.00000000 -0.13944291 0.00000000 1.75357757 -3.34056075 0.88397516 1.67028037 3.03133276 0.01700768 40222.84275835
1.03911618 0.00000000 -0.19182207 0.00000000 -0.13760598 0.00000000 1.73981059 -3.32205081 0.91673339 1.66102540 3.03204218 0.01647319 40030.76544387
1.03811618 0.00000000 -0.19134749 0.00000000 -0.13575048 0.00000000 1.72609638 -3.30066844 0.94878659 1.65033422 3.03276558 0.01594550 39838.06457954
1.03711618 0.00000000 -0.19086261 0.00000000 -0.13387633 0.00000000 1.71243413 -3.27653535 0.98012877 1.63826767 3.03350305 0.01542470 39644.72565771
1.03611618 0.00000000 -0.19036727 0.00000000 -0.13198346 0.00000000 1.69882282 -3.24976803 1.01075531 1.62488401 3.03425468 0.01491084 39450.72955937
1.03511618 0.00000000 -0.18986126 0.00000000 -0.13007179 0.00000000 1.68526119 -3.22047776 1.04066275 1.61023888 3.03502059 0.01440401 39256.05223274
1.03411618 0.00000000 -0.18934436 0.00000000 -0.12814123 0.00000000 1.67174776 -3.18877058 1.06984878 1.59438529 3.03580096 0.01390429 39060.66433263
1.03311618 0.00000000 -0.18881632 0.00000000 -0.12619170 0.00000000 1.65828077 -3.15474724 1.09831206 1.57737362 3.03659596 0.01341174 38864.53081453
1.03211618 0.00000000 -0.18827686 0.00000000 -0.12422309 0.00000000 1.64485818 -3.11850311 1.12605217 1.55925156 3.03740583 0.01292644 38667.61047918
1.03111618 0.00000000 -0.18772565 0.00000000 -0.12223532 0.00000000 1.63147764 -3.08012820 1.15306952 1.54006410 3.03823083 0.01244848 38469.85545986
1.03011618 0.00000000 -0.18716234 0.00000000 -0.12022827 0.00000000 1.61813645 -3.03970699 1.17936525 1.51985350 3.03907126 0.01197791 38271.21064553
1.02911618 0.00000000 -0.18658653 0.00000000 -0.11820183 0.00000000 1.60483155 -2.99731836 1.20494121 1.49865918 3.03992749 0.01151482 38071.61303054
1.02811618 0.00000000 -0.18599779 0.00000000 -0.11615588 0.00000000 1.59155947 -2.95303547 1.22979982 1.47651773 3.04079993 0.01105929 37870.99098069
1.02711618 0.00000000 -0.18539561 0.00000000 -0.11409028 0.00000000 1.57831629 -2.90692558 1.25394408 1.45346279 3.04168904 0.01061139 37669.26340304
1.02611618 0.00000000 -0.18477946 0.00000000 -0.11200491 0.00000000 1.56509759 -2.85904992 1.27737747 1.42952496 3.04259536 0.01017119 37466.33880626
1.02511618 0.00000000 -0.18414872 0.00000000 -0.10989961 0.00000000 1.55189839 -2.80946343 1.30010390 1.40473172 3.04351951 0.00973877 37262.11423162
1.02411618 0.00000000 -0.18350274 0.00000000 -0.10777422 0.00000000 1.53871314 -2.75821454 1.32212769 1.37910727 3.04446218 0.00931421 37056.47403754
1.02311618 0.00000000 -0.18284076 0.00000000 -0.10562857 0.00000000 1.52553559 -2.70534488 1.34345348 1.35267244 3.04542417 0.00889759 36849.28851162
1.02211618 0.00000000 -0.18216197 0.00000000 -0.10346248 0.00000000 1.51235873 -2.65088894 1.36408620 1.32544447 3.04640636 0.00848897 36640.41227994
1.02111618 0.00000000 -0.18146543 0.00000000 -0.10127575 0.00000000 1.49917474 -2.59487367 1.38403104 1.29743683 3.04740978 0.00808844 36429.68248100
1.02011618 0.00000000 -0.18075014 0.00000000 -0.09906814 0.00000000 1.48597482 -2.53731806 1.40329341 1.26865903 3.04843558 0.00769607 36216.91665949
1.01911618 0.00000000 -0.18001497 0.00000000 -0.09683942 0.00000000 1.47274916 -2.47823259 1.42187889 1.23911630 3.04948506 0.00731194 36001.91032799
1.01811618 0.00000000 -0.17925864 0.00000000 -0.09458933 0.00000000 1.45948669 -2.41761861 1.43979322 1.20880931 3.05055971 0.00693612 35784.43413491
1.01711618 0.00000000 -0.17847975 0.00000000 -0.09231756 0.00000000 1.44617503 -2.35546765 1.45704226 1.17773382 3.05166123 0.00656870 35564.23055596
1.01611618 0.00000000 -0.17767672 0.00000000 -0.09002380 0.00000000 1.43280024 -2.29176055 1.47363195 1.14588028 3.05279152 0.00620975 35341.01001723
1.01511618 0.00000000 -0.17684778 0.00000000 -0.08770769 0.00000000 1.41934660 -2.22646652 1.48956834 1.11323326 3.05395278 0.00585935 35114.44632010
1.01411618 0.00000000 -0.17599094 0.00000000 -0.08536880 0.00000000 1.40579637 -2.15954196 1.50485754 1.07977098 3.05514752 0.00551758 34884.17122579
1.01311618 0.00000000 -0.17510398 0.00000000 -0.08300670 0.00000000 1.39212945 -2.09092909 1.51950575 1.04546455 3.05637859 0.00518451 34649.76799253
1.01211618 0.00000000 -0.17418434 0.00000000 -0.08062087 0.00000000 1.37832305 -2.02055436 1.53351926 1.01027718 3.05764930 0.00486024 34410.76362318
1.01111618 0.00000000 -0.17322915 0.00000000 -0.07821072 0.00000000 1.36435116 -1.94832651 1.54690448 1.00000000 3.05896345 0.00454484 34166.61950833
1.01011618 0.00000000 -0.17223515 0.00000000 -0.07577560 0.00000000 1.35018408 -1.87413424 1.55966801 1.00000000 3.06032543 0.00423840 33916.72002489
1.00911618 0.00000000 -0.17119857 0.00000000 -0.07331475 0.00000000 1.33578768 -1.79784347 1.57181670 1.00000000 3.06174036 0.00394101 33660.35857111
1.00819161 0.00000000 -0.17019857 0.00000000 -0.07101587 0.00000000 1.32223916 -1.72530189 1.58250826 1.00000000 3.06310084 0.00367418 33416.88102770
1.00730518 0.00000000 -0.16919857 0.00000000 -0.06878976 0.00000000 1.30900082 -1.65380203 1.59227674 1.00000000 3.06445757 0.00342577 33176.92265107
1.00645564 0.00000000 -0.16819857 0.00000000 -0.06663523 0.00000000 1.29605080 -1.58334091 1.60120151 1.00000000 3.06581127 0.00319456 32940.25067734
1.00564173 0.00000000 -0.16719857 0.00000000 -0.06455100 0.00000000 1.28336852 -1.51391043 1.60935602 1.00000000 3.06716264 0.00297942 32706.64499051
1.00486220 0.00000000 -0.16619857 0.00000000 -0.06253564 0.00000000 1.27093468 -1.44549863 1.61680818 1.00000000 3.06851241 0.00277927 32475.89775027
1.00411581 0.00000000 -0.16519857 0.00000000 -0.06058763 0.00000000 1.25873119 -1.37809080 1.62362081 1.00000000 3.06986129 0.00259310 32247.81300872
1.00340133 0.00000000 -0.16419857 0.00000000 -0.05870534 0.00000000 1.24674111 -1.31167029 1.62985194 1.00000000 3.07120999 0.00241995 32022.20631276
1.00271756 0.00000000 -0.16319857 0.00000000 -0.05688710 0.00000000 1.23494864 -1.24621930 1.63555519 1.00000000 3.07255923 0.00225893 31798.90428381
1.00206331 0.00000000 -0.16219857 0.00000000 -0.05513115 0.00000000 1.22333904 -1.18171939 1.64078006 1.00000000 3.07390969 0.00210921 31577.74418059
1.00143742 0.00000000 -0.16119857 0.00000000 -0.05343571 0.00000000 1.21189856 -1.11815197 1.64557222 1.00000000 3.07526206 0.00197000 31358.57344296
1.00083873 0.00000000 -0.16019857 0.00000000 -0.05179896 0.00000000 1.20061445 -1.05549862 1.64997379 1.00000000 3.07661702 0.00184057 31141.24922030
1.00026614 0.00000000 -0.15919857 0.00000000 -0.05021906 0.00000000 1.18947484 -0.99374138 1.65402362 1.00000000 3.07797523 0.00172025 30925.63789157
0.99971857 0.00000000 -0.15819857 0.00000000 -0.04869417 0.00000000 1.17846875 -0.93286296 1.65775749 1.00000000 3.07933732 0.00160839 30711.61457667
