1.17100000 0.00000000 0.00000000 0.00000000 -0.08896904 0.00000000 3.38554240 1.95402186 1374.47662946 687.23831473 3.16587217 0.14934350 0.00000000
1.17700000 0.00000000 0.00000000 0.00000000 -0.12829629 0.00000000 3.40043772 1.97742312 1289.01718039 644.50859019 3.15878139 0.13977594 0.00000000
1.18300000 0.00000000 0.00000000 0.00000000 -0.17151152 0.00000000 3.42619044 2.01529374 1163.06696428 581.53348214 3.14769420 0.12822486 0.00000000
1.18900000 0.00000000 0.00000000 0.00000000 -0.21988431 0.00000000 3.47152157 2.07478100 990.62156982 495.31078491 3.13102134 0.11397547 0.00000000
1.19500000 0.00000000 0.00000000 0.00000000 -0.27378677 0.00000000 3.55445538 2.16292226 776.19981329 388.09990664 3.10704056 0.09646990 0.00000000
1.20100000 0.00000000 0.00000000 0.00000000 -0.32779804 0.00000000 3.69737231 2.26033386 562.01611803 281.00805901 3.07752738 0.07741120 0.00000000
1.20700000 0.00000000 0.00000000 0.00000000 -0.37094105 0.00000000 3.88749254 2.29375700 409.57230501 204.78615251 3.05069333 0.06156418 0.00000000
1.21300000 0.00000000 0.00000000 0.00000000 -0.40159816 0.00000000 4.08716953 2.21713659 318.71641472 159.35820736 3.03063804 0.05047104 0.00000000
1.21900000 0.00000000 0.00000000 0.00000000 -0.42429637 0.00000000 4.27999322 2.03771065 262.82762415 131.41381207 3.01582302 0.04269781 0.00000000
1.22500000 0.00000000 0.00000000 0.00000000 -0.44236543 0.00000000 4.46331746 1.77368314 225.59352503 112.79676252 3.00438455 0.03697221 0.00000000
1.23100000 0.00000000 0.00000000 0.00000000 -0.45761798 0.00000000 4.63773779 1.44106084 199.05399603 99.52699801 2.99515719 0.03255484 0.00000000
1.23700000 0.00000000 0.00000000 0.00000000 -0.47105316 0.00000000 4.80426978 1.05323713 179.16757951 89.58378976 2.98744785 0.02902167 0.00000000
1.24300000 0.00000000 0.00000000 0.00000000 -0.48325636 0.00000000 4.96380113 0.62184407 163.71712303 81.85856151 2.98082793 0.02611663 0.00000000
1.24900000 0.00000000 0.00000000 0.00000000 -0.49459161 0.00000000 5.11703035 0.15731250 151.39560541 75.69780271 2.97501881 0.02367627 0.00000000
1.25500000 0.00000000 0.00000000 0.00000000 -0.50529692 0.00000000 5.26449790 -0.33084883 141.38446750 70.69223375 2.96983093 0.02159105 0.00000000
1.26100000 0.00000000 0.00000000 0.00000000 -0.51553437 0.00000000 5.40662605 -0.83393505 133.14461527 66.57230764 2.96513019 0.01978454 0.00000000
1.26700000 0.00000000 0.00000000 0.00000000 -0.52541804 0.00000000 5.54375135 -1.34400841 126.30571993 63.15285996 2.96081856 0.01820157 0.00000000
1.27300000 0.00000000 0.00000000 0.00000000 -0.53503039 0.00000000 5.67614869 -1.85389709 120.60412694 60.30206347 2.95682240 0.01680120 0.00000000
1.27900000 0.00000000 0.00000000 0.00000000 -0.54443239 0.00000000 5.80404845 -2.35720450 115.84629112 57.92314556 2.95308504 0.01555230 0.00000000
1.28500000 0.00000000 0.00000000 0.00000000 -0.55366992 0.00000000 5.92764887 -2.84831516 111.88632944 55.94316472 2.94956206 0.01443076 0.00000000
1.29100000 0.00000000 0.00000000 0.00000000 -0.56277802 0.00000000 6.04712478 -3.32239063 108.61173719 54.30586859 2.94621800 0.01341753 0.00000000
1.29700000 0.00000000 0.00000000 0.00000000 -0.57178381 0.00000000 6.16263390 -3.77535264 105.93400879 52.96700440 2.94302414 0.01249736 0.00000000
1.30300000 0.00000000 0.00000000 0.00000000 -0.58070849 0.00000000 6.27432129 -4.20385339 103.78230503 51.89115251 2.93995692 0.01165787 0.00000000
1.30900000 0.00000000 0.00000000 0.00000000 -0.58956876 0.00000000 6.38232259 -4.60523447 102.09906874 51.04953437 2.93699681 0.01088890 0.00000000
1.31500000 0.00000000 0.00000000 0.00000000 -0.59837788 0.00000000 6.48676626 -4.97747651 100.83691963 50.41845981 2.93412744 0.01018202 0.00000000
1.32100000 0.00000000 0.00000000 0.00000000 -0.60714642 0.00000000 6.58777522 -5.31914208 99.95640886 49.97820443 2.93133498 0.00953018 0.00000000
1.32700000 0.00000000 0.00000000 0.00000000 -0.61588287 0.00000000 6.68546793 -5.62931453 99.42436441 49.71218220 2.92860766 0.00892742 0.00000000
1.33300000 0.00000000 0.00000000 0.00000000 -0.62459402 0.00000000 6.77995920 -5.90753497 99.21265038 49.60632519 2.92593539 0.00836867 0.00000000
1.33900000 0.00000000 0.00000000 0.00000000 -0.63328536 0.00000000 6.87136063 -6.15373960 99.29722214 49.64861107 2.92330945 0.00784959 0.00000000
1.34500000 0.00000000 0.00000000 0.00000000 -0.64196131 0.00000000 6.95978097 -6.36819895 99.65739643 49.82869822 2.92072230 0.00736646 0.00000000
1.35100000 0.00000000 0.00000000 0.00000000 -0.65062540 0.00000000 7.04532630 -6.55146040 100.27528048 50.13764024 2.91816734 0.00691604 0.00000000
