1.17000000 0.00000000 0.00000000 0.00000000 -0.08271667 0.00000000 3.38378585 1.95118531 1385.27380836 692.63690418 3.16674561 0.15078365 0.00000000
1.17100000 0.00000000 0.00000000 0.00000000 -0.08896904 0.00000000 3.38554240 1.95402186 1374.47662946 687.23831473 3.16587217 0.14934350 0.00000000
1.17200000 0.00000000 0.00000000 0.00000000 -0.09530064 0.00000000 3.38748092 1.95713305 1362.74662347 681.37331174 3.16491775 0.14786271 0.00000000
1.17300000 0.00000000 0.00000000 0.00000000 -0.10171547 0.00000000 3.38961495 1.96053489 1350.05348313 675.02674156 3.16387839 0.14633932 0.00000000
1.17400000 0.00000000 0.00000000 0.00000000 -0.10821780 0.00000000 3.39195962 1.96424488 1336.36611112 668.18305556 3.16274984 0.14477125 0.00000000
1.17500000 0.00000000 0.00000000 0.00000000 -0.11481214 0.00000000 3.39453188 1.96828206 1321.65267562 660.82633781 3.16152750 0.14315629 0.00000000
1.17600000 0.00000000 0.00000000 0.00000000 -0.12150328 0.00000000 3.39735077 1.97266724 1305.88069752 652.94034876 3.16020646 0.14149203 0.00000000
1.17700000 0.00000000 0.00000000 0.00000000 -0.12829629 0.00000000 3.40043772 1.97742312 1289.01718039 644.50859019 3.15878139 0.13977594 0.00000000
1.17800000 0.00000000 0.00000000 0.00000000 -0.13519652 0.00000000 3.40381689 1.98257445 1271.02879725 635.51439863 3.15724659 0.13800528 0.00000000
1.17900000 0.00000000 0.00000000 0.00000000 -0.14220960 0.00000000 3.40751557 1.98814823 1251.88215269 625.94107634 3.15559590 0.13617714 0.00000000
1.18000000 0.00000000 0.00000000 0.00000000 -0.14934142 0.00000000 3.41156470 1.99417385 1231.54414477 615.77207238 3.15382268 0.13428841 0.00000000
1.18100000 0.00000000 0.00000000 0.00000000 -0.15659811 0.00000000 3.41599937 2.00068319 1209.98245891 604.99122946 3.15191982 0.13233580 0.00000000
1.18200000 0.00000000 0.00000000 0.00000000 -0.16398600 0.00000000 3.42085948 2.00771077 1187.16623538 593.58311769 3.14987971 0.13031584 0.00000000
1.18300000 0.00000000 0.00000000 0.00000000 -0.17151152 0.00000000 3.42619044 2.01529374 1163.06696428 581.53348214 3.14769420 0.12822486 0.00000000
1.18400000 0.00000000 0.00000000 0.00000000 -0.17918109 0.00000000 3.43204400 2.02347173 1137.65967762 568.82983881 3.14535468 0.12605908 0.00000000
1.18500000 0.00000000 0.00000000 0.00000000 -0.18700094 0.00000000 3.43847913 2.03228658 1110.92452525 555.46226262 3.14285208 0.12381464 0.00000000
1.18600000 0.00000000 0.00000000 0.00000000 -0.19497689 0.00000000 3.44556300 2.04178174 1082.84884219 541.42442110 3.14017699 0.12148764 0.00000000
1.18700000 0.00000000 0.00000000 0.00000000 -0.20311393 0.00000000 3.45337193 2.05200120 1053.42983374 526.71491687 3.13731978 0.11907434 0.00000000
1.18800000 0.00000000 0.00000000 0.00000000 -0.21141581 0.00000000 3.46199237 2.06298786 1022.67801890 511.33900945 3.13427094 0.11657126 0.00000000
1.18900000 0.00000000 0.00000000 0.00000000 -0.21988431 0.00000000 3.47152157 2.07478100 990.62156982 495.31078491 3.13102134 0.11397547 0.00000000
1.19000000 0.00000000 0.00000000 0.00000000 -0.22851844 0.00000000 3.48206792 2.08741250 957.31164799 478.65582399 3.12756290 0.11128496 0.00000000
1.19100000 0.00000000 0.00000000 0.00000000 -0.23731331 0.00000000 3.49375051 2.10090168 922.82873767 461.41436883 3.12388926 0.10849902 0.00000000
1.19200000 0.00000000 0.00000000 0.00000000 -0.24625877 0.00000000 3.50669753 2.11524806 887.28977378 443.64488689 3.11999683 0.10561891 0.00000000
1.19300000 0.00000000 0.00000000 0.00000000 -0.25533795 0.00000000 3.52104288 2.13042218 850.85551013 425.42775507 3.11588606 0.10264848 0.00000000
1.19400000 0.00000000 0.00000000 0.00000000 -0.26452561 0.00000000 3.53692041 2.14635435 813.73705053 406.86852526 3.11156295 0.09959501 0.00000000
1.19500000 0.00000000 0.00000000 0.00000000 -0.27378677 0.00000000 3.55445538 2.16292226 776.19981329 388.09990664 3.10704056 0.09646990 0.00000000
1.19600000 0.00000000 0.00000000 0.00000000 -0.28307597 0.00000000 3.57375297 2.17993914 738.56260792 369.28130396 3.10234048 0.09328928 0.00000000
1.19700000 0.00000000 0.00000000 0.00000000 -0.29233763 0.00000000 3.59488486 2.19714535 701.18935758 350.59467879 3.09749355 0.09007418 0.00000000
1.19800000 0.00000000 0.00000000 0.00000000 -0.30150797 0.00000000 3.61787575 2.21420695 664.47181556 332.23590778 3.09253968 0.08684999 0.00000000
1.19900000 0.00000000 0.00000000 0.00000000 -0.31051877 0.00000000 3.64269293 2.23072455 628.80372134 314.40186067 3.08752620 0.08364523 0.00000000
1.20000000 0.00000000 0.00000000 0.00000000 -0.31930251 0.00000000 3.66924222 2.24625360 594.54985835 297.27492918 3.08250477 0.08048952 0.00000000
1.20100000 0.00000000 0.00000000 0.00000000 -0.32779804 0.00000000 3.69737231 2.26033386 562.01611803 281.00805901 3.07752738 0.07741120 0.00000000
1.20200000 0.00000000 0.00000000 0.00000000 -0.33595554 0.00000000 3.72688733 2.27252251 531.42729694 265.71364847 3.07264210 0.07443505 0.00000000
1.20300000 0.00000000 0.00000000 0.00000000 -0.34373967 0.00000000 3.75756470 2.28242394 502.91721467 251.45860734 3.06788972 0.07158058 0.00000000
1.20400000 0.00000000 0.00000000 0.00000000 -0.35113045 0.00000000 3.78917429 2.28971052 476.53181824 238.26590912 3.06330162 0.06886126 0.00000000
1.20500000 0.00000000 0.00000000 0.00000000 -0.35812216 0.00000000 3.82149485 2.29413221 452.24228576 226.12114288 3.05889928 0.06628459 0.00000000
1.20600000 0.00000000 0.00000000 0.00000000 -0.36472079 0.00000000 3.85432559 2.29551579 429.96334714 214.98167357 3.05469499 0.06385285 0.00000000
1.20700000 0.00000000 0.00000000 0.00000000 -0.37094105 0.00000000 3.88749254 2.29375700 409.57230501 204.78615251 3.05069333 0.06156418 0.00000000
1.20800000 0.00000000 0.00000000 0.00000000 -0.37680341 0.00000000 3.92085042 2.28880895 390.92571350 195.46285675 3.04689294 0.05941377 0.00000000
1.20900000 0.00000000 0.00000000 0.00000000 -0.38233158 0.00000000 3.95428149 2.28066963 373.87233547 186.93616773 3.04328819 0.05739480 0.00000000
1.21000000 0.00000000 0.00000000 0.00000000 -0.38755062 0.00000000 3.98769265 2.26937040 358.26224146 179.13112073 3.03987069 0.05549941 0.00000000
1.21100000 0.00000000 0.00000000 0.00000000 -0.39248555 0.00000000 4.02101185 2.25496624 343.95259271 171.97629636 3.03663041 0.05371921 0.00000000
1.21200000 0.00000000 0.00000000 0.00000000 -0.39716049 0.00000000 4.05418437 2.23752801 330.81088608 165.40544304 3.03355653 0.05204581 0.00000000
1.21300000 0.00000000 0.00000000 0.00000000 -0.40159816 0.00000000 4.08716953 2.21713659 318.71641472 159.35820736 3.03063804 0.05047104 0.00000000
1.21400000 0.00000000 0.00000000 0.00000000 -0.40581957 0.00000000 4.11993768 2.19387857 307.56056270 153.78028135 3.02786416 0.04898718 0.00000000
1.21500000 0.00000000 0.00000000 0.00000000 -0.40984396 0.00000000 4.15246786 2.16784327 297.24639271 148.62319635 3.02522451 0.04758699 0.00000000
1.21600000 0.00000000 0.00000000 0.00000000 -0.41368880 0.00000000 4.18474579 2.13912060 287.68784497 143.84392249 3.02270934 0.04626380 0.00000000
1.21700000 0.00000000 0.00000000 0.00000000 -0.41736989 0.00000000 4.21676234 2.10779967 278.80875624 139.40437812 3.02030954 0.04501152 0.00000000
1.21800000 0.00000000 0.00000000 0.00000000 -0.42090148 0.00000000 4.24851225 2.07396794 270.54182855 135.27091428 3.01801669 0.04382454 0.00000000
1.21900000 0.00000000 0.00000000 0.00000000 -0.42429637 0.00000000 4.27999322 2.03771065 262.82762415 131.41381207 3.01582302 0.04269781 0.00000000
1.22000000 0.00000000 0.00000000 0.00000000 -0.42756608 0.00000000 4.31120516 1.99911057 255.61362738 127.80681369 3.01372141 0.04162671 0.00000000
1.22100000 0.00000000 0.00000000 0.00000000 -0.43072098 0.00000000 4.34214958 1.95824784 248.85339285 124.42669642 3.01170534 0.04060706 0.00000000
1.22200000 0.00000000 0.00000000 0.00000000 -0.43377037 0.00000000 4.37282919 1.91519998 242.50578524 121.25289262 3.00976884 0.03963508 0.00000000
1.22300000 0.00000000 0.00000000 0.00000000 -0.43672265 0.00000000 4.40324754 1.87004196 236.53430907 118.26715453 3.00790647 0.03870731 0.00000000
1.22400000 0.00000000 0.00000000 0.00000000 -0.43958539 0.00000000 4.43340879 1.82284628 230.90652217 115.45326108 3.00611322 0.03782063 0.00000000
1.22500000 0.00000000 0.00000000 0.00000000 -0.44236543 0.00000000 4.46331746 1.77368314 225.59352503 112.79676252 3.00438455 0.03697221 0.00000000
1.22600000 0.00000000 0.00000000 0.00000000 -0.44506895 0.00000000 4.49297833 1.72262053 220.56951768 110.28475884 3.00271626 0.03615945 0.00000000
1.22700000 0.00000000 0.00000000 0.00000000 -0.44770155 0.00000000 4.52239632 1.66972444 215.81141564 107.90570782 3.00110454 0.03538000 0.00000000
1.22800000 0.00000000 0.00000000 0.00000000 -0.45026833 0.00000000 4.55157636 1.61505892 211.29851751 105.64925876 2.99954588 0.03463170 0.00000000
1.22900000 0.00000000 0.00000000 0.00000000 -0.45277391 0.00000000 4.58052339 1.55868628 207.01221704 103.50610852 2.99803704 0.03391259 0.00000000
1.23000000 0.00000000 0.00000000 0.00000000 -0.45522251 0.00000000 4.60924228 1.50066720 202.93575365 101.46787682 2.99657505 0.03322085 0.00000000
1.23100000 0.00000000 0.00000000 0.00000000 -0.45761798 0.00000000 4.63773779 1.44106084 199.05399603 99.52699801 2.99515719 0.03255484 0.00000000
1.23200000 0.00000000 0.00000000 0.00000000 -0.45996384 0.00000000 4.66601456 1.37992495 195.35325420 97.67662710 2.99378093 0.03191304 0.00000000
1.23300000 0.00000000 0.00000000 0.00000000 -0.46226332 0.00000000 4.69407711 1.31731597 191.82111594 95.91055797 2.99244394 0.03129403 0.00000000
1.23400000 0.00000000 0.00000000 0.00000000 -0.46451938 0.00000000 4.72192978 1.25328914 188.44630424 94.22315212 2.99114407 0.03069654 0.00000000
1.23500000 0.00000000 0.00000000 0.00000000 -0.46673473 0.00000000 4.74957678 1.18789854 185.21855284 92.60927642 2.98987931 0.03011937 0.00000000
1.23600000 0.00000000 0.00000000 0.00000000 -0.46891189 0.00000000 4.77702215 1.12119719 182.12849730 91.06424865 2.98864781 0.02956142 0.00000000
1.23700000 0.00000000 0.00000000 0.00000000 -0.47105316 0.00000000 4.80426978 1.05323713 179.16757951 89.58378976 2.98744785 0.02902167 0.00000000
1.23800000 0.00000000 0.00000000 0.00000000 -0.47316069 0.00000000 4.83132338 0.98406942 176.32796381 88.16398190 2.98627783 0.02849916 0.00000000
1.23900000 0.00000000 0.00000000 0.00000000 -0.47523643 0.00000000 4.85818654 0.91374427 173.60246309 86.80123154 2.98513626 0.02799303 0.00000000
1.24000000 0.00000000 0.00000000 0.00000000 -0.47728224 0.00000000 4.88486269 0.84231100 170.98447366 85.49223683 2.98402175 0.02750245 0.00000000
1.24100000 0.00000000 0.00000000 0.00000000 -0.47929979 0.00000000 4.91135509 0.76981816 168.46791766 84.23395883 2.98293298 0.02702665 0.00000000
1.24200000 0.00000000 0.00000000 0.00000000 -0.48129068 0.00000000 4.93766691 0.69631351 166.04719198 83.02359599 2.98186876 0.02656494 0.00000000
1.24300000 0.00000000 0.00000000 0.00000000 -0.48325636 0.00000000 4.96380113 0.62184407 163.71712303 81.85856151 2.98082793 0.02611663 0.00000000
1.24400000 0.00000000 0.00000000 0.00000000 -0.48519820 0.00000000 4.98976066 0.54645615 161.47292641 80.73646320 2.97980943 0.02568112 0.00000000
1.24500000 0.00000000 0.00000000 0.00000000 -0.48711747 0.00000000 5.01554824 0.47019535 159.31017108 79.65508554 2.97881225 0.02525781 0.00000000
1.24600000 0.00000000 0.00000000 0.00000000 -0.48901538 0.00000000 5.04116652 0.39310662 157.22474726 78.61237363 2.97783547 0.02484617 0.00000000
1.24700000 0.00000000 0.00000000 0.00000000 -0.49089302 0.00000000 5.06661803 0.31523425 155.21283784 77.60641892 2.97687818 0.02444569 0.00000000
1.24800000 0.00000000 0.00000000 0.00000000 -0.49275143 0.00000000 5.09190520 0.23662187 153.27089264 76.63544632 2.97593955 0.02405587 0.00000000
1.24900000 0.00000000 0.00000000 0.00000000 -0.49459161 0.00000000 5.11703035 0.15731250 151.39560541 75.69780271 2.97501881 0.02367627 0.00000000
1.25000000 0.00000000 0.00000000 0.00000000 -0.49641444 0.00000000 5.14199573 0.07734853 149.58389310 74.79194655 2.97411520 0.02330647 0.00000000
1.25100000 0.00000000 0.00000000 0.00000000 -0.49822080 0.00000000 5.16680346 -0.00322824 147.83287720 73.91643860 2.97322802 0.02294605 0.00000000
1.25200000 0.00000000 0.00000000 0.00000000 -0.50001150 0.00000000 5.19145560 -0.08437665 146.13986689 73.06993344 2.97235662 0.02259465 0.00000000
1.25300000 0.00000000 0.00000000 0.00000000 -0.50178728 0.00000000 5.21595414 -0.16605611 144.50234385 72.25117193 2.97150036 0.02225191 0.00000000
1.25400000 0.00000000 0.00000000 0.00000000 -0.50354886 0.00000000 5.24030096 -0.24822663 142.91794850 71.45897425 2.97065865 0.02191748 0.00000000
1.25500000 0.00000000 0.00000000 0.00000000 -0.50529692 0.00000000 5.26449790 -0.33084883 141.38446750 70.69223375 2.96983093 0.02159105 0.00000000
1.25600000 0.00000000 0.00000000 0.00000000 -0.50703208 0.00000000 5.28854672 -0.41388388 139.89982244 69.94991122 2.96901666 0.02127232 0.00000000
1.25700000 0.00000000 0.00000000 0.00000000 -0.50875496 0.00000000 5.31244910 -0.49729359 138.46205958 69.23102979 2.96821534 0.02096100 0.00000000
1.25800000 0.00000000 0.00000000 0.00000000 -0.51046610 0.00000000 5.33620667 -0.58104031 137.06934042 68.53467021 2.96742648 0.02065681 0.00000000
1.25900000 0.00000000 0.00000000 0.00000000 -0.51216606 0.00000000 5.35982102 -0.66508699 135.71993321 67.85996660 2.96664962 0.02035950 0.00000000
1.26000000 0.00000000 0.00000000 0.00000000 -0.51385532 0.00000000 5.38329366 -0.74939720 134.41220515 67.20610258 2.96588433 0.02006882 0.00000000
1.26100000 0.00000000 0.00000000 0.00000000 -0.51553437 0.00000000 5.40662605 -0.83393505 133.14461527 66.57230764 2.96513019 0.01978454 0.00000000
1.26200000 0.00000000 0.00000000 0.00000000 -0.51720367 0.00000000 5.42981960 -0.91866527 131.91570790 65.95785395 2.96438681 0.01950644 0.00000000
1.26300000 0.00000000 0.00000000 0.00000000 -0.51886363 0.00000000 5.45287570 -1.00355316 130.72410671 65.36205335 2.96365380 0.01923431 0.00000000
1.26400000 0.00000000 0.00000000 0.00000000 -0.52051467 0.00000000 5.47579566 -1.08856463 129.56850925 64.78425462 2.96293081 0.01896794 0.00000000
1.26500000 0.00000000 0.00000000 0.00000000 -0.52215718 0.00000000 5.49858077 -1.17366616 128.44768189 64.22384095 2.96221749 0.01870715 0.00000000
1.26600000 0.00000000 0.00000000 0.00000000 -0.52379152 0.00000000 5.52123226 -1.25882486 127.36045526 63.68022763 2.96151351 0.01845175 0.00000000
1.26700000 0.00000000 0.00000000 0.00000000 -0.52541804 0.00000000 5.54375135 -1.34400841 126.30571993 63.15285996 2.96081856 0.01820157 0.00000000
1.26800000 0.00000000 0.00000000 0.00000000 -0.52703707 0.00000000 5.56613921 -1.42918507 125.28242251 62.64121126 2.96013234 0.01795644 0.00000000
1.26900000 0.00000000 0.00000000 0.00000000 -0.52864892 0.00000000 5.58839697 -1.51432374 124.28956208 62.14478104 2.95945455 0.01771620 0.00000000
1.27000000 0.00000000 0.00000000 0.00000000 -0.53025390 0.00000000 5.61052574 -1.59939390 123.32618681 61.66309340 2.95878492 0.01748069 0.00000000
1.27100000 0.00000000 0.00000000 0.00000000 -0.53185230 0.00000000 5.63252659 -1.68436562 122.39139087 61.19569543 2.95812319 0.01724979 0.00000000
1.27200000 0.00000000 0.00000000 0.00000000 -0.53344437 0.00000000 5.65440056 -1.76920959 121.48431162 60.74215581 2.95746909 0.01702333 0.00000000
1.27300000 0.00000000 0.00000000 0.00000000 -0.53503039 0.00000000 5.67614869 -1.85389709 120.60412694 60.30206347 2.95682240 0.01680120 0.00000000
1.27400000 0.00000000 0.00000000 0.00000000 -0.53661060 0.00000000 5.69777195 -1.93840002 119.75005279 59.87502639 2.95618286 0.01658325 0.00000000
1.27500000 0.00000000 0.00000000 0.00000000 -0.53818524 0.00000000 5.71927132 -2.02269087 118.92134093 59.46067046 2.95555026 0.01636938 0.00000000
1.27600000 0.00000000 0.00000000 0.00000000 -0.53975452 0.00000000 5.74064774 -2.10674274 118.11727683 59.05863842 2.95492439 0.01615946 0.00000000
1.27700000 0.00000000 0.00000000 0.00000000 -0.54131868 0.00000000 5.76190213 -2.19052933 117.33717771 58.66858885 2.95430502 0.01595338 0.00000000
1.27800000 0.00000000 0.00000000 0.00000000 -0.54287790 0.00000000 5.78303541 -2.27402495 116.58039069 58.29019534 2.95369197 0.01575103 0.00000000
1.27900000 0.00000000 0.00000000 0.00000000 -0.54443239 0.00000000 5.80404845 -2.35720450 115.84629112 57.92314556 2.95308504 0.01555230 0.00000000
1.28000000 0.00000000 0.00000000 0.00000000 -0.54598234 0.00000000 5.82494211 -2.44004350 115.13428101 57.56714050 2.95248405 0.01535711 0.00000000
1.28100000 0.00000000 0.00000000 0.00000000 -0.54752792 0.00000000 5.84571725 -2.52251806 114.44378751 57.22189376 2.95188881 0.01516534 0.00000000
1.28200000 0.00000000 0.00000000 0.00000000 -0.54906931 0.00000000 5.86637468 -2.60460490 113.77426159 56.88713080 2.95129915 0.01497691 0.00000000
1.28300000 0.00000000 0.00000000 0.00000000 -0.55060667 0.00000000 5.88691524 -2.68628133 113.12517672 56.56258836 2.95071492 0.01479172 0.00000000
1.28400000 0.00000000 0.00000000 0.00000000 -0.55214015 0.00000000 5.90733970 -2.76752525 112.49602768 56.24801384 2.95013594 0.01460970 0.00000000
1.28500000 0.00000000 0.00000000 0.00000000 -0.55366992 0.00000000 5.92764887 -2.84831516 111.88632944 55.94316472 2.94956206 0.01443076 0.00000000
1.28600000 0.00000000 0.00000000 0.00000000 -0.55519610 0.00000000 5.94784350 -2.92863016 111.29561610 55.64780805 2.94899315 0.01425482 0.00000000
1.28700000 0.00000000 0.00000000 0.00000000 -0.55671885 0.00000000 5.96792436 -3.00844992 110.72343993 55.36171996 2.94842904 0.01408180 0.00000000
1.28800000 0.00000000 0.00000000 0.00000000 -0.55823829 0.00000000 5.98789219 -3.08775472 110.16937039 55.08468520 2.94786960 0.01391164 0.00000000
1.28900000 0.00000000 0.00000000 0.00000000 -0.55975455 0.00000000 6.00774772 -3.16652539 109.63299336 54.81649668 2.94731470 0.01374425 0.00000000
1.29000000 0.00000000 0.00000000 0.00000000 -0.56126775 0.00000000 6.02749168 -3.24474336 109.11391023 54.55695512 2.94676421 0.01357957 0.00000000
1.29100000 0.00000000 0.00000000 0.00000000 -0.56277802 0.00000000 6.04712478 -3.32239063 108.61173719 54.30586859 2.94621800 0.01341753 0.00000000
1.29200000 0.00000000 0.00000000 0.00000000 -0.56428545 0.00000000 6.06664772 -3.39944977 108.12610451 54.06305225 2.94567595 0.01325807 0.00000000
1.29300000 0.00000000 0.00000000 0.00000000 -0.56579016 0.00000000 6.08606119 -3.47590391 107.65665583 53.82832792 2.94513795 0.01310113 0.00000000
1.29400000 0.00000000 0.00000000 0.00000000 -0.56729226 0.00000000 6.10536587 -3.55173674 107.20304759 53.60152380 2.94460387 0.01294664 0.00000000
1.29500000 0.00000000 0.00000000 0.00000000 -0.56879183 0.00000000 6.12456244 -3.62693252 106.76494837 53.38247419 2.94407362 0.01279456 0.00000000
1.29600000 0.00000000 0.00000000 0.00000000 -0.57028899 0.00000000 6.14365156 -3.70147604 106.34203836 53.17101918 2.94354707 0.01264481 0.00000000
1.29700000 0.00000000 0.00000000 0.00000000 -0.57178381 0.00000000 6.16263390 -3.77535264 105.93400879 52.96700440 2.94302414 0.01249736 0.00000000
1.29800000 0.00000000 0.00000000 0.00000000 -0.57327639 0.00000000 6.18151010 -3.84854820 105.54056150 52.77028075 2.94250471 0.01235214 0.00000000
1.29900000 0.00000000 0.00000000 0.00000000 -0.57476681 0.00000000 6.20028080 -3.92104915 105.16140840 52.58070420 2.94198870 0.01220911 0.00000000
1.30000000 0.00000000 0.00000000 0.00000000 -0.57625515 0.00000000 6.21894664 -3.99284242 104.79627104 52.39813552 2.94147600 0.01206821 0.00000000
1.30100000 0.00000000 0.00000000 0.00000000 -0.57774150 0.00000000 6.23750826 -4.06391548 104.44488022 52.22244011 2.94096653 0.01192940 0.00000000
1.30200000 0.00000000 0.00000000 0.00000000 -0.57922592 0.00000000 6.25596627 -4.13425631 104.10697553 52.05348776 2.94046020 0.01179264 0.00000000
1.30300000 0.00000000 0.00000000 0.00000000 -0.58070849 0.00000000 6.27432129 -4.20385339 103.78230503 51.89115251 2.93995692 0.01165787 0.00000000
1.30400000 0.00000000 0.00000000 0.00000000 -0.58218928 0.00000000 6.29257394 -4.27269570 103.47062487 51.73531243 2.93945661 0.01152506 0.00000000
1.30500000 0.00000000 0.00000000 0.00000000 -0.58366835 0.00000000 6.31072482 -4.34077272 103.17169892 51.58584946 2.93895918 0.01139416 0.00000000
1.30600000 0.00000000 0.00000000 0.00000000 -0.58514578 0.00000000 6.32877453 -4.40807443 102.88529851 51.44264926 2.93846456 0.01126513 0.00000000
1.30700000 0.00000000 0.00000000 0.00000000 -0.58662161 0.00000000 6.34672366 -4.47459127 102.61120207 51.30560104 2.93797268 0.01113794 0.00000000
1.30800000 0.00000000 0.00000000 0.00000000 -0.58809592 0.00000000 6.36457282 -4.54031416 102.34919488 51.17459744 2.93748345 0.01101254 0.00000000
1.30900000 0.00000000 0.00000000 0.00000000 -0.58956876 0.00000000 6.38232259 -4.60523447 102.09906874 51.04953437 2.93699681 0.01088890 0.00000000
1.31000000 0.00000000 0.00000000 0.00000000 -0.59104018 0.00000000 6.39997354 -4.66934406 101.86062180 50.93031090 2.93651268 0.01076698 0.00000000
1.31100000 0.00000000 0.00000000 0.00000000 -0.59251025 0.00000000 6.41752626 -4.73263521 101.63365821 50.81682911 2.93603100 0.01064675 0.00000000
1.31200000 0.00000000 0.00000000 0.00000000 -0.59397900 0.00000000 6.43498133 -4.79510065 101.41798797 50.70899398 2.93555170 0.01052817 0.00000000
1.31300000 0.00000000 0.00000000 0.00000000 -0.59544649 0.00000000 6.45233931 -4.85673355 101.21342663 50.60671331 2.93507471 0.01041121 0.00000000
1.31400000 0.00000000 0.00000000 0.00000000 -0.59691277 0.00000000 6.46960076 -4.91752750 101.01979515 50.50989757 2.93459998 0.01029584 0.00000000
1.31500000 0.00000000 0.00000000 0.00000000 -0.59837788 0.00000000 6.48676626 -4.97747651 100.83691963 50.41845981 2.93412744 0.01018202 0.00000000
1.31600000 0.00000000 0.00000000 0.00000000 -0.59984187 0.00000000 6.50383636 -5.03657500 100.66463117 50.33231559 2.93365703 0.01006973 0.00000000
1.31700000 0.00000000 0.00000000 0.00000000 -0.60130478 0.00000000 6.52081161 -5.09481780 100.50276566 50.25138283 2.93318869 0.00995894 0.00000000
1.31800000 0.00000000 0.00000000 0.00000000 -0.60276665 0.00000000 6.53769258 -5.15220012 100.35116359 50.17558180 2.93272237 0.00984962 0.00000000
1.31900000 0.00000000 0.00000000 0.00000000 -0.60422752 0.00000000 6.55447980 -5.20871755 100.20966992 50.10483496 2.93225802 0.00974174 0.00000000
1.32000000 0.00000000 0.00000000 0.00000000 -0.60568744 0.00000000 6.57117383 -5.26436609 100.07813388 50.03906694 2.93179557 0.00963527 0.00000000
1.32100000 0.00000000 0.00000000 0.00000000 -0.60714642 0.00000000 6.58777522 -5.31914208 99.95640886 49.97820443 2.93133498 0.00953018 0.00000000
1.32200000 0.00000000 0.00000000 0.00000000 -0.60860452 0.00000000 6.60428449 -5.37304223 99.84435220 49.92217610 2.93087620 0.00942646 0.00000000
1.32300000 0.00000000 0.00000000 0.00000000 -0.61006177 0.00000000 6.62070219 -5.42606360 99.74182514 49.87091257 2.93041917 0.00932407 0.00000000
1.32400000 0.00000000 0.00000000 0.00000000 -0.61151820 0.00000000 6.63702885 -5.47820361 99.64869258 49.82434629 2.92996385 0.00922300 0.00000000
1.32500000 0.00000000 0.00000000 0.00000000 -0.61297384 0.00000000 6.65326501 -5.52946000 99.56482306 49.78241153 2.92951019 0.00912322 0.00000000
1.32600000 0.00000000 0.00000000 0.00000000 -0.61442872 0.00000000 6.66941119 -5.57983084 99.49008856 49.74504428 2.92905814 0.00902470 0.00000000
1.32700000 0.00000000 0.00000000 0.00000000 -0.61588287 0.00000000 6.68546793 -5.62931453 99.42436441 49.71218220 2.92860766 0.00892742 0.00000000
1.32800000 0.00000000 0.00000000 0.00000000 -0.61733632 0.00000000 6.70143575 -5.67790977 99.36752918 49.68376459 2.92815871 0.00883136 0.00000000
1.32900000 0.00000000 0.00000000 0.00000000 -0.61878910 0.00000000 6.71731516 -5.72561558 99.31946458 49.65973229 2.92771125 0.00873651 0.00000000
1.33000000 0.00000000 0.00000000 0.00000000 -0.62024123 0.00000000 6.73310670 -5.77243127 99.28005533 49.64002766 2.92726522 0.00864283 0.00000000
1.33100000 0.00000000 0.00000000 0.00000000 -0.62169275 0.00000000 6.74881088 -5.81835643 99.24918910 49.62459455 2.92682060 0.00855031 0.00000000
1.33200000 0.00000000 0.00000000 0.00000000 -0.62314367 0.00000000 6.76442820 -5.86339095 99.22675637 49.61337818 2.92637733 0.00845893 0.00000000
1.33300000 0.00000000 0.00000000 0.00000000 -0.62459402 0.00000000 6.77995920 -5.90753497 99.21265038 49.60632519 2.92593539 0.00836867 0.00000000
1.33400000 0.00000000 0.00000000 0.00000000 -0.62604382 0.00000000 6.79540437 -5.95078891 99.20676705 49.60338353 2.92549473 0.00827951 0.00000000
1.33500000 0.00000000 0.00000000 0.00000000 -0.62749310 0.00000000 6.81076423 -5.99315344 99.20900483 49.60450241 2.92505532 0.00819143 0.00000000
1.33600000 0.00000000 0.00000000 0.00000000 -0.62894187 0.00000000 6.82603928 -6.03462949 99.21926467 49.60963233 2.92461713 0.00810442 0.00000000
1.33700000 0.00000000 0.00000000 0.00000000 -0.63039016 0.00000000 6.84123003 -6.07521823 99.23744998 49.61872499 2.92418011 0.00801845 0.00000000
1.33800000 0.00000000 0.00000000 0.00000000 -0.63183798 0.00000000 6.85633698 -6.11492106 99.26346647 49.63173324 2.92374423 0.00793352 0.00000000
1.33900000 0.00000000 0.00000000 0.00000000 -0.63328536 0.00000000 6.87136063 -6.15373960 99.29722214 49.64861107 2.92330945 0.00784959 0.00000000
1.34000000 0.00000000 0.00000000 0.00000000 -0.63473232 0.00000000 6.88630147 -6.19167570 99.33862719 49.66931360 2.92287576 0.00776667 0.00000000
1.34100000 0.00000000 0.00000000 0.00000000 -0.63617886 0.00000000 6.90116001 -6.22873143 99.38759397 49.69379698 2.92244310 0.00768473 0.00000000
1.34200000 0.00000000 0.00000000 0.00000000 -0.63762502 0.00000000 6.91593674 -6.26490906 99.44403687 49.72201843 2.92201146 0.00760375 0.00000000
1.34300000 0.00000000 0.00000000 0.00000000 -0.63907080 0.00000000 6.93063215 -6.30021105 99.50787235 49.75393617 2.92158080 0.00752372 0.00000000
1.34400000 0.00000000 0.00000000 0.00000000 -0.64051622 0.00000000 6.94524673 -6.33464007 99.57901877 49.78950939 2.92115109 0.00744463 0.00000000
1.34500000 0.00000000 0.00000000 0.00000000 -0.64196131 0.00000000 6.95978097 -6.36819895 99.65739643 49.82869822 2.92072230 0.00736646 0.00000000
1.34600000 0.00000000 0.00000000 0.00000000 -0.64340606 0.00000000 6.97423535 -6.40089072 99.74292746 49.87146373 2.92029440 0.00728920 0.00000000
1.34700000 0.00000000 0.00000000 0.00000000 -0.64485050 0.00000000 6.98861036 -6.43271857 99.83553579 49.91776789 2.91986737 0.00721284 0.00000000
1.34800000 0.00000000 0.00000000 0.00000000 -0.64629464 0.00000000 7.00290648 -6.46368587 99.93514706 49.96757353 2.91944117 0.00713735 0.00000000
1.34900000 0.00000000 0.00000000 0.00000000 -0.64773850 0.00000000 7.01712420 -6.49379614 100.04168866 50.02084433 2.91901578 0.00706273 0.00000000
1.35000000 0.00000000 0.00000000 0.00000000 -0.64918208 0.00000000 7.03126398 -6.52305304 100.15508959 50.07754480 2.91859118 0.00698896 0.00000000
1.35100000 0.00000000 0.00000000 0.00000000 -0.65062540 0.00000000 7.04532630 -6.55146040 100.27528048 50.13764024 2.91816734 0.00691604 0.00000000
