0.58399490 -0.86602540 0.00000000 -0.06059767 -1.08960000 0.00000000 6.26566867 1.96040708 1.99977585 1.00000000 1.80473818 0.72082650 0.00000000
0.59343969 -0.86602540 0.00000000 -0.06046258 -1.08922226 0.00000000 6.26586609 1.95260383 1.99976040 1.00000000 1.80722991 0.71369405 0.00000000
0.60290678 -0.86602540 0.00000000 -0.06042118 -1.08880037 0.00000000 6.26608537 1.94394278 1.99974309 1.00000000 1.80998562 0.70653110 0.00000000
0.61239079 -0.86602540 0.00000000 -0.06047191 -1.08833139 0.00000000 6.26632757 1.93438410 1.99972377 1.00000000 1.81301493 0.69934212 0.00000000
0.62188724 -0.86602540 0.00000000 -0.06061305 -1.08781205 0.00000000 6.26659384 1.92388551 1.99970230 1.00000000 1.81632777 0.69213188 0.00000000
0.63139233 -0.86602540 0.00000000 -0.06084278 -1.08723879 0.00000000 6.26688538 1.91240201 1.99967850 1.00000000 1.81993446 0.68490331 0.00000000
0.64090273 -0.86602540 0.00000000 -0.06115923 -1.08660770 0.00000000 6.26720349 1.89988566 1.99965221 1.00000000 1.82384567 0.67766030 0.00000000
0.65041551 -0.86602540 0.00000000 -0.06156052 -1.08591457 0.00000000 6.26754958 1.88628532 1.99962321 1.00000000 1.82807248 0.67040588 0.00000000
0.65992797 -0.86602540 0.00000000 -0.06204477 -1.08515479 0.00000000 6.26792516 1.87154639 1.99959128 1.00000000 1.83262642 0.66314310 0.00000000
0.66943758 -0.86602540 0.00000000 -0.06261012 -1.08432341 0.00000000 6.26833185 1.85561056 1.99955617 1.00000000 1.83751946 0.65587452 0.00000000
0.67894190 -0.86602540 0.00000000 -0.06325476 -1.08341507 0.00000000 6.26877138 1.83841554 1.99951761 1.00000000 1.84276404 0.64860358 0.00000000
0.68843851 -0.86602540 0.00000000 -0.06397695 -1.08242399 0.00000000 6.26924566 1.81989483 1.99947528 1.00000000 1.84837309 0.64133258 0.00000000
0.69792496 -0.86602540 0.00000000 -0.06477499 -1.08134399 0.00000000 6.26975671 1.79997744 1.99942884 1.00000000 1.85436002 0.63406497 0.00000000
0.70739868 -0.86602540 0.00000000 -0.06564729 -1.08016841 0.00000000 6.27030672 1.77858767 1.99937791 1.00000000 1.86073869 0.62680381 0.00000000
0.71685697 -0.86602540 0.00000000 -0.06659234 -1.07889012 0.00000000 6.27089807 1.75564491 1.99932207 1.00000000 1.86752349 0.61955206 0.00000000
0.72629689 -0.86602540 0.00000000 -0.06760872 -1.07750151 0.00000000 6.27153328 1.73106337 1.99926085 1.00000000 1.87472920 0.61231383 0.00000000
0.73571521 -0.86602540 0.00000000 -0.06869511 -1.07599446 0.00000000 6.27221512 1.70475201 1.99919373 1.00000000 1.88237105 0.60509255 0.00000000
0.74510838 -0.86602540 0.00000000 -0.06985028 -1.07436031 0.00000000 6.27294655 1.67661441 1.99912012 1.00000000 1.89046464 0.59789224 0.00000000
0.75447242 -0.86602540 0.00000000 -0.07107314 -1.07258986 0.00000000 6.27373073 1.64654877 1.99903938 1.00000000 1.89902582 0.59071738 0.00000000
0.76380286 -0.86602540 0.00000000 -0.07236266 -1.07067335 0.00000000 6.27457110 1.61444798 1.99895080 1.00000000 1.90807068 0.58357331 0.00000000
0.77309466 -0.86602540 0.00000000 -0.07371794 -1.06860046 0.00000000 6.27547132 1.58019992 1.99885357 1.00000000 1.91761537 0.57646489 0.00000000
0.78234212 -0.86602540 0.00000000 -0.07513817 -1.06636032 0.00000000 6.27643530 1.54368785 1.99874683 1.00000000 1.92767593 0.56939844 0.00000000
0.79153879 -0.86602540 0.00000000 -0.07662260 -1.06394150 0.00000000 6.27746722 1.50479107 1.99862961 1.00000000 1.93826812 0.56238059 0.00000000
0.80067736 -0.86602540 0.00000000 -0.07817057 -1.06133208 0.00000000 6.27857153 1.46338591 1.99850082 1.00000000 1.94940716 0.55541808 0.00000000
0.80974959 -0.86602540 0.00000000 -0.07978147 -1.05851964 0.00000000 6.27975292 1.41934703 1.99835930 1.00000000 1.96110739 0.54851955 0.00000000
0.81874614 -0.86602540 0.00000000 -0.08145471 -1.05549138 0.00000000 6.28101631 1.37254921 1.99820375 1.00000000 1.97338193 0.54169359 0.00000000
0.82765651 -0.86602540 0.00000000 -0.08318968 -1.05223419 0.00000000 6.28236687 1.32286960 1.99803276 1.00000000 1.98624220 0.53495008 0.00000000
0.83646893 -0.86602540 0.00000000 -0.08498575 -1.04873482 0.00000000 6.28380991 1.27019058 1.99784481 1.00000000 1.99969742 0.52829972 0.00000000
0.84517028 -0.86602540 0.00000000 -0.08684218 -1.04497998 0.00000000 6.28535088 1.21440334 1.99763824 1.00000000 2.01375401 0.52175431 0.00000000
0.85374598 -0.86602540 0.00000000 -0.08875807 -1.04095664 0.00000000 6.28699529 1.15541207 1.99741130 1.00000000 2.02841490 0.51532653 0.00000000
0.86218000 -0.86602540 0.00000000 -0.09073233 -1.03665223 0.00000000 6.28874860 1.09313889 1.99716210 1.00000000 2.04367879 0.50903050 0.00000000
0.87045486 -0.86602540 0.00000000 -0.09276356 -1.03205498 0.00000000 6.29061611 1.02752951 1.99688870 1.00000000 2.05953942 0.50288059 0.00000000
0.87855169 -0.86602540 0.00000000 -0.09485000 -1.02715429 0.00000000 6.29260283 0.95855930 1.99658906 1.00000000 2.07598474 0.49689292 0.00000000
0.88645035 -0.86602540 0.00000000 -0.09698947 -1.02194108 0.00000000 6.29471331 0.88623975 1.99626111 1.00000000 2.09299625 0.49108389 0.00000000
0.89412970 -0.86602540 0.00000000 -0.09917925 -1.01640822 0.00000000 6.29695151 0.81062482 1.99590281 1.00000000 2.11054829 0.48547022 0.00000000
0.90156791 -0.86602540 0.00000000 -0.10141607 -1.01055097 0.00000000 6.29932054 0.73181676 1.99551215 1.00000000 2.12860770 0.48006947 0.00000000
0.90874286 -0.86602540 0.00000000 -0.10369603 -1.00436731 0.00000000 6.30182254 0.64997090 1.99508723 1.00000000 2.14713356 0.47489874 0.00000000
0.91563265 -0.86602540 0.00000000 -0.10601457 -0.99785828 0.00000000 6.30445851 0.56529873 1.99462633 1.00000000 2.16607735 0.46997477 0.00000000
0.92221618 -0.86602540 0.00000000 -0.10836650 -0.99102817 0.00000000 6.30722815 0.47806876 1.99412794 1.00000000 2.18538348 0.46531280 0.00000000
0.92847373 -0.86602540 0.00000000 -0.11074607 -0.98388462 0.00000000 6.31012983 0.38860470 1.99359085 1.00000000 2.20499020 0.46092762 0.00000000
0.93438756 -0.86602540 0.00000000 -0.11314696 -0.97643850 0.00000000 6.31316048 0.29728076 1.99301418 1.00000000 2.22483084 0.45683152 0.00000000
0.93994246 -0.86602540 0.00000000 -0.11556249 -0.96870374 0.00000000 6.31631571 0.20451417 1.99239740 1.00000000 2.24483548 0.45303469 0.00000000
0.94512612 -0.86602540 0.00000000 -0.11798569 -0.96069690 0.00000000 6.31958984 0.11075538 1.99174039 1.00000000 2.26493268 0.44954492 0.00000000
0.94992950 -0.86602540 0.00000000 -0.12040946 -0.95243669 0.00000000 6.32297612 0.01647643 1.99104341 1.00000000 2.28505131 0.44636742 0.00000000
0.95434692 -0.86602540 0.00000000 -0.12282675 -0.94394337 0.00000000 6.32646685 -0.07784131 1.99030710 1.00000000 2.30512242 0.44350471 0.00000000
0.95837605 -0.86602540 0.00000000 -0.12523066 -0.93523817 0.00000000 6.33005367 -0.17171949 1.98953245 1.00000000 2.32508072 0.44095671 0.00000000
0.96201775 -0.86602540 0.00000000 -0.12761459 -0.92634270 0.00000000 6.33372779 -0.26469406 1.98872076 1.00000000 2.34486590 0.43872092 0.00000000
0.96527579 -0.86602540 0.00000000 -0.12997233 -0.91727839 0.00000000 6.33748015 -0.35632506 1.98787359 1.00000000 2.36442357 0.43679269 0.00000000
0.96815650 -0.86602540 0.00000000 -0.13229812 -0.90806605 0.00000000 6.34130168 -0.44620438 1.98699269 1.00000000 2.38370579 0.43516564 0.00000000
0.97066831 -0.86602540 0.00000000 -0.13458672 -0.89872550 0.00000000 6.34518345 -0.53396142 1.98608000 1.00000000 2.40267136 0.43383206 0.00000000
0.97282139 -0.86602540 0.00000000 -0.13683339 -0.88927533 0.00000000 6.34911682 -0.61926660 1.98513754 1.00000000 2.42128570 0.43278285 0.00000000
0.97462720 -0.86602540 0.00000000 -0.13903394 -0.87973274 0.00000000 6.35309350 -0.70183314 1.98416743 1.00000000 2.43952062 0.43200843 0.00000000
0.97609812 -0.86602540 0.00000000 -0.14118465 -0.87011342 0.00000000 6.35710566 -0.78141708 1.98317180 1.00000000 2.45735383 0.43149878 0.00000000
0.97724711 -0.86602540 0.00000000 -0.14328227 -0.86043158 0.00000000 6.36114596 -0.85781625 1.98215277 1.00000000 2.47476846 0.43124315 0.00000000
0.97808744 -0.86602540 0.00000000 -0.14532400 -0.85069994 0.00000000 6.36520754 -0.93086823 1.98111244 1.00000000 2.49175241 0.43123139 0.00000000
0.97863246 -0.86602540 0.00000000 -0.14730742 -0.84092983 0.00000000 6.36928407 -1.00044772 1.98005288 1.00000000 2.50829777 0.43145305 0.00000000
0.97889538 -0.86602540 0.00000000 -0.14923046 -0.83113126 0.00000000 6.37336970 -1.06646357 1.97897608 1.00000000 2.52440025 0.43189800 0.00000000
0.97888917 -0.86602540 0.00000000 -0.15109137 -0.82131305 0.00000000 6.37745904 -1.12885558 1.97788397 1.00000000 2.54005860 0.43255657 0.00000000
0.97862641 -0.86602540 0.00000000 -0.15288865 -0.81148291 0.00000000 6.38154715 -1.18759137 1.97677840 1.00000000 2.55527412 0.43341958 0.00000000
0.97811925 -0.86602540 0.00000000 -0.15462106 -0.80164757 0.00000000 6.38562952 -1.24266323 1.97566113 1.00000000 2.57005026 0.43447808 0.00000000
0.97737934 -0.86602540 0.00000000 -0.15628756 -0.79181289 0.00000000 6.38970200 -1.29408516 1.97453386 1.00000000 2.58439214 0.43572381 0.00000000
0.97641783 -0.86602540 0.00000000 -0.15788727 -0.78198394 0.00000000 6.39376080 -1.34189007 1.97339819 1.00000000 2.59830631 0.43714869 0.00000000
0.97524529 -0.86602540 0.00000000 -0.15941949 -0.77216511 0.00000000 6.39780246 -1.38612729 1.97225563 1.00000000 2.61180036 0.43874548 0.00000000
0.97387178 -0.86602540 0.00000000 -0.16088362 -0.76236019 0.00000000 6.40182381 -1.42686012 1.97110762 1.00000000 2.62488276 0.44050708 0.00000000
0.97230683 -0.86602540 0.00000000 -0.16227920 -0.75257245 0.00000000 6.40582195 -1.46416378 1.96995553 1.00000000 2.63756260 0.44242716 0.00000000
0.97055943 -0.86602540 0.00000000 -0.16360585 -0.74280468 0.00000000 6.40979422 -1.49812345 1.96880064 1.00000000 2.64984943 0.44449968 0.00000000
0.96863808 -0.86602540 0.00000000 -0.16486326 -0.73305929 0.00000000 6.41373819 -1.52883258 1.96764416 1.00000000 2.66175310 0.44671894 0.00000000
0.96655081 -0.86602540 0.00000000 -0.16605122 -0.72333835 0.00000000 6.41765163 -1.55639133 1.96648725 1.00000000 2.67328369 0.44907962 0.00000000
0.96430517 -0.86602540 0.00000000 -0.16716954 -0.71364361 0.00000000 6.42153250 -1.58090520 1.96533097 1.00000000 2.68445136 0.45157694 0.00000000
0.96190829 -0.86602540 0.00000000 -0.16821812 -0.70397658 0.00000000 6.42537892 -1.60248386 1.96417635 1.00000000 2.69526627 0.45420629 0.00000000
0.95936690 -0.86602540 0.00000000 -0.16919686 -0.69433852 0.00000000 6.42918918 -1.62124004 1.96302435 1.00000000 2.70573857 0.45696337 0.00000000
0.95668731 -0.86602540 0.00000000 -0.17010574 -0.68473053 0.00000000 6.43296169 -1.63728862 1.96187586 1.00000000 2.71587830 0.45984446 0.00000000
0.95387551 -0.86602540 0.00000000 -0.17094472 -0.67515351 0.00000000 6.43669502 -1.65074578 1.96073175 1.00000000 2.72569534 0.46284558 0.00000000
0.95093712 -0.86602540 0.00000000 -0.17171383 -0.66560826 0.00000000 6.44038784 -1.66172829 1.95959282 1.00000000 2.73519943 0.46596353 0.00000000
0.94787744 -0.86602540 0.00000000 -0.17241310 -0.65609541 0.00000000 6.44403892 -1.67035289 1.95845981 1.00000000 2.74440011 0.46919508 0.00000000
0.94470148 -0.86602540 0.00000000 -0.17304257 -0.64661553 0.00000000 6.44764716 -1.67673572 1.95733344 1.00000000 2.75330669 0.47253724 0.00000000
0.94141396 -0.86602540 0.00000000 -0.17360230 -0.63716907 0.00000000 6.45121154 -1.68099187 1.95621438 1.00000000 2.76192827 0.47598726 0.00000000
0.93801936 -0.86602540 0.00000000 -0.17409238 -0.62775641 0.00000000 6.45473112 -1.68323493 1.95510327 1.00000000 2.77027371 0.47954251 0.00000000
0.93452188 -0.86602540 0.00000000 -0.17451289 -0.61837788 0.00000000 6.45820504 -1.68357670 1.95400068 1.00000000 2.77835162 0.48320058 0.00000000
0.93092551 -0.86602540 0.00000000 -0.17486391 -0.60903375 0.00000000 6.46163255 -1.68212686 1.95290719 1.00000000 2.78617036 0.48695921 0.00000000
0.92723402 -0.86602540 0.00000000 -0.17514556 -0.59972424 0.00000000 6.46501292 -1.67899271 1.95182332 1.00000000 2.79373807 0.49081633 0.00000000
0.92345097 -0.86602540 0.00000000 -0.17535793 -0.59044953 0.00000000 6.46834553 -1.67427900 1.95074956 1.00000000 2.80106262 0.49476988 0.00000000
0.91957975 -0.86602540 0.00000000 -0.17550113 -0.58120980 0.00000000 6.47162980 -1.66808772 1.94968638 1.00000000 2.80815163 0.49881800 0.00000000
0.91562355 -0.86602540 0.00000000 -0.17557528 -0.57200516 0.00000000 6.47486520 -1.66051800 1.94863421 1.00000000 2.81501248 0.50295895 0.00000000
0.91158540 -0.86602540 0.00000000 -0.17558048 -0.56283574 0.00000000 6.47805128 -1.65166596 1.94759347 1.00000000 2.82165234 0.50719110 0.00000000
0.90746818 -0.86602540 0.00000000 -0.17551686 -0.55370162 0.00000000 6.48118762 -1.64162467 1.94656454 1.00000000 2.82807812 0.51151285 0.00000000
0.90327461 -0.86602540 0.00000000 -0.17538453 -0.54460292 0.00000000 6.48427386 -1.63048407 1.94554778 1.00000000 2.83429649 0.51592275 0.00000000
0.89900728 -0.86602540 0.00000000 -0.17518362 -0.53553969 0.00000000 6.48730968 -1.61833093 1.94454353 1.00000000 2.84031393 0.52041935 0.00000000
0.89466866 -0.86602540 0.00000000 -0.17491423 -0.52651203 0.00000000 6.49029481 -1.60524885 1.94355212 1.00000000 2.84613668 0.52500139 0.00000000
0.89026108 -0.86602540 0.00000000 -0.17457650 -0.51752000 0.00000000 6.49322901 -1.59131823 1.94257383 1.00000000 2.85177079 0.52966759 0.00000000
0.88578675 -0.86602540 0.00000000 -0.17417054 -0.50856370 0.00000000 6.49611210 -1.57661629 1.94160894 1.00000000 2.85722207 0.53441674 0.00000000
0.88124779 -0.86602540 0.00000000 -0.17369648 -0.49964318 0.00000000 6.49894391 -1.56121711 1.94065772 1.00000000 2.86249617 0.53924770 0.00000000
0.87664621 -0.86602540 0.00000000 -0.17315443 -0.49075855 0.00000000 6.50172432 -1.54519161 1.93972040 1.00000000 2.86759853 0.54415941 0.00000000
0.87198392 -0.86602540 0.00000000 -0.17254453 -0.48190988 0.00000000 6.50445325 -1.52860766 1.93879721 1.00000000 2.87253439 0.54915072 0.00000000
0.86726273 -0.86602540 0.00000000 -0.17186690 -0.47309728 0.00000000 6.50713064 -1.51153009 1.93788836 1.00000000 2.87730883 0.55422075 0.00000000
0.86248438 -0.86602540 0.00000000 -0.17112166 -0.46432085 0.00000000 6.50975646 -1.49402075 1.93699403 1.00000000 2.88192676 0.55936839 0.00000000
0.85765052 -0.86602540 0.00000000 -0.17030894 -0.45558071 0.00000000 6.51233072 -1.47613857 1.93611441 1.00000000 2.88639290 0.56459280 0.00000000
0.85276272 -0.86602540 0.00000000 -0.16942888 -0.44687697 0.00000000 6.51485345 -1.45793963 1.93524965 1.00000000 2.89071182 0.56989305 0.00000000
0.84782248 -0.86602540 0.00000000 -0.16848159 -0.43820977 0.00000000 6.51732470 -1.43947723 1.93439992 1.00000000 2.89488794 0.57526823 0.00000000
0.84283122 -0.86602540 0.00000000 -0.16746723 -0.42957926 0.00000000 6.51974455 -1.42080199 1.93356533 1.00000000 2.89892550 0.58071750 0.00000000
0.83779030 -0.86602540 0.00000000 -0.16638592 -0.42098560 0.00000000 6.52211312 -1.40196186 1.93274601 1.00000000 2.90282863 0.58624002 0.00000000
0.83270103 -0.86602540 0.00000000 -0.16523780 -0.41242895 0.00000000 6.52443052 -1.38300228 1.93194208 1.00000000 2.90660129 0.59183496 0.00000000
0.82756463 -0.86602540 0.00000000 -0.16402301 -0.40390950 0.00000000 6.52669692 -1.36396618 1.93115363 1.00000000 2.91024732 0.59750146 0.00000000
0.82238229 -0.86602540 0.00000000 -0.16274171 -0.39542744 0.00000000 6.52891248 -1.34489412 1.93038075 1.00000000 2.91377042 0.60323881 0.00000000
0.81715513 -0.86602540 0.00000000 -0.16139405 -0.38698299 0.00000000 6.53107739 -1.32582436 1.92962351 1.00000000 2.91717416 0.60904617 0.00000000
0.81188422 -0.86602540 0.00000000 -0.15998017 -0.37857635 0.00000000 6.53319186 -1.30679291 1.92888197 1.00000000 2.92046200 0.61492275 0.00000000
0.80657058 -0.86602540 0.00000000 -0.15850024 -0.37020777 0.00000000 6.53525612 -1.28783364 1.92815620 1.00000000 2.92363728 0.62086782 0.00000000
0.80121519 -0.86602540 0.00000000 -0.15695443 -0.36187749 0.00000000 6.53727041 -1.26897836 1.92744624 1.00000000 2.92670320 0.62688060 0.00000000
0.79581896 -0.86602540 0.00000000 -0.15534291 -0.35358577 0.00000000 6.53923499 -1.25025686 1.92675211 1.00000000 2.92966289 0.63296033 0.00000000
0.79038278 -0.86602540 0.00000000 -0.15366585 -0.34533289 0.00000000 6.54115014 -1.23169706 1.92607385 1.00000000 2.93251934 0.63910625 0.00000000
0.78490750 -0.86602540 0.00000000 -0.15192345 -0.33711913 0.00000000 6.54301616 -1.21332501 1.92541148 1.00000000 2.93527545 0.64531755 0.00000000
0.77939391 -0.86602540 0.00000000 -0.15011589 -0.32894480 0.00000000 6.54483334 -1.19516504 1.92476499 1.00000000 2.93793403 0.65159354 0.00000000
0.77384277 -0.86602540 0.00000000 -0.14824337 -0.32081021 0.00000000 6.54660200 -1.17723976 1.92413438 1.00000000 2.94049777 0.65793341 0.00000000
0.76825481 -0.86602540 0.00000000 -0.14630611 -0.31271568 0.00000000 6.54832247 -1.15957018 1.92351966 1.00000000 2.94296931 0.66433643 0.00000000
0.76263071 -0.86602540 0.00000000 -0.14430431 -0.30466155 0.00000000 6.54999510 -1.14217579 1.92292079 1.00000000 2.94535115 0.67080177 0.00000000
0.75697111 -0.86602540 0.00000000 -0.14223821 -0.29664819 0.00000000 6.55162024 -1.12507458 1.92233776 1.00000000 2.94764573 0.67732870 0.00000000
0.75127665 -0.86602540 0.00000000 -0.14010805 -0.28867594 0.00000000 6.55319826 -1.10828315 1.92177052 1.00000000 2.94985542 0.68391642 0.00000000
0.74554790 -0.86602540 0.00000000 -0.13791405 -0.28074520 0.00000000 6.55472953 -1.09181676 1.92121905 1.00000000 2.95198249 0.69056416 0.00000000
0.73978541 -0.86602540 0.00000000 -0.13565649 -0.27285635 0.00000000 6.55621443 -1.07568939 1.92068330 1.00000000 2.95402913 0.69727111 0.00000000
0.73398972 -0.86602540 0.00000000 -0.13333564 -0.26500978 0.00000000 6.55765335 -1.05991381 1.92016320 1.00000000 2.95599747 0.70403645 0.00000000
0.72816130 -0.86602540 0.00000000 -0.13095175 -0.25720593 0.00000000 6.55904671 -1.04450163 1.91965870 1.00000000 2.95788956 0.71085936 0.00000000
0.72230062 -0.86602540 0.00000000 -0.12850514 -0.24944521 0.00000000 6.56039490 -1.02946337 1.91916974 1.00000000 2.95970738 0.71773907 0.00000000
0.71640812 -0.86602540 0.00000000 -0.12599610 -0.24172805 0.00000000 6.56169835 -1.01480849 1.91869624 1.00000000 2.96145285 0.72467467 0.00000000
0.71048420 -0.86602540 0.00000000 -0.12342495 -0.23405492 0.00000000 6.56295748 -1.00054548 1.91823812 1.00000000 2.96312782 0.73166537 0.00000000
0.70452925 -0.86602540 0.00000000 -0.12079202 -0.22642626 0.00000000 6.56417271 -0.98668188 1.91779529 1.00000000 2.96473407 0.73871032 0.00000000
0.69854361 -0.86602540 0.00000000 -0.11809765 -0.21884255 0.00000000 6.56534450 -0.97322433 1.91736768 1.00000000 2.96627333 0.74580862 0.00000000
0.69252762 -0.86602540 0.00000000 -0.11534219 -0.21130428 0.00000000 6.56647327 -0.96017864 1.91695518 1.00000000 2.96774726 0.75295941 0.00000000
0.68648157 -0.86602540 0.00000000 -0.11252603 -0.20381192 0.00000000 6.56755948 -0.94754983 1.91655769 1.00000000 2.96915749 0.76016180 0.00000000
0.68040575 -0.86602540 0.00000000 -0.10964954 -0.19636599 0.00000000 6.56860357 -0.93534214 1.91617512 1.00000000 2.97050557 0.76741491 0.00000000
0.67430041 -0.86602540 0.00000000 -0.10671314 -0.18896700 0.00000000 6.56960601 -0.92355911 1.91580734 1.00000000 2.97179300 0.77471782 0.00000000
0.66816577 -0.86602540 0.00000000 -0.10371724 -0.18161546 0.00000000 6.57056726 -0.91220362 1.91545425 1.00000000 2.97302125 0.78206960 0.00000000
0.66200205 -0.86602540 0.00000000 -0.10066228 -0.17431192 0.00000000 6.57148777 -0.90127788 1.91511573 1.00000000 2.97419170 0.78946933 0.00000000
0.65580943 -0.86602540 0.00000000 -0.09754872 -0.16705690 0.00000000 6.57236802 -0.89078354 1.91479166 1.00000000 2.97530573 0.79691607 0.00000000
0.64958807 -0.86602540 0.00000000 -0.09437703 -0.15985096 0.00000000 6.57320848 -0.88072165 1.91448191 1.00000000 2.97636464 0.80440888 0.00000000
0.64333810 -0.86602540 0.00000000 -0.09114769 -0.15269467 0.00000000 6.57400961 -0.87109276 1.91418635 1.00000000 2.97736970 0.81194677 0.00000000
0.63705963 -0.86602540 0.00000000 -0.08786123 -0.14558857 0.00000000 6.57477190 -0.86189688 1.91390484 1.00000000 2.97832215 0.81952878 0.00000000
0.63075277 -0.86602540 0.00000000 -0.08451816 -0.13853326 0.00000000 6.57549583 -0.85313358 1.91363727 1.00000000 2.97922315 0.82715393 0.00000000
0.62441758 -0.86602540 0.00000000 -0.08111905 -0.13152930 0.00000000 6.57618187 -0.84480198 1.91338347 1.00000000 2.98007387 0.83482122 0.00000000
0.61805411 -0.86602540 0.00000000 -0.07766446 -0.12457730 0.00000000 6.57683049 -0.83690078 1.91314331 1.00000000 2.98087540 0.84252965 0.00000000
0.61166239 -0.86602540 0.00000000 -0.07415498 -0.11767786 0.00000000 6.57744219 -0.82942829 1.91291665 1.00000000 2.98162882 0.85027821 0.00000000
0.60524242 -0.86602540 0.00000000 -0.07059124 -0.11083157 0.00000000 6.57801745 -0.82238245 1.91270333 1.00000000 2.98233516 0.85806589 0.00000000
0.59879418 -0.86602540 0.00000000 -0.06697386 -0.10403905 0.00000000 6.57855675 -0.81576087 1.91250321 1.00000000 2.98299541 0.86589165 0.00000000
0.59231763 -0.86602540 0.00000000 -0.06330352 -0.09730092 0.00000000 6.57906057 -0.80956082 1.91231614 1.00000000 2.98361055 0.87375445 0.00000000
