J2021       C2021 02 01.00000 00 00 00.08 +00 00 00.4                      251
J2021       C2021 02 02.79633 00 03 27.90 +00 00 00.7                      251
J2021       C2021 02 04.59266 00 06 55.65 +00 00 00.7                      251
J2021       C2021 02 06.38899 00 10 23.59 +00 00 00.2                      251
J2021       C2021 02 08.18532 00 13 51.53 +00 00 00.6                      251
J2021       C2021 02 09.98165 00 17 19.53 +00 00 00.7                      251
J2021       C2021 02 11.77798 00 20 47.71 +00 00 00.0                      251
J2021       C2021 02 13.57431 00 24 16.07 +00 00 00.6                      251
J2021       C2021 02 15.37065 00 27 44.57 +00 00 00.6                      251
J2021       C2021 02 17.16698 00 31 13.28 +00 00 00.8                      251
J2021       C2021 02 18.96331 00 34 42.19 +00 00 00.4                      251
J2021       C2021 02 20.75964 00 38 11.35 +00 00 00.7                      251
J2021       C2021 02 22.55597 00 41 40.82 +00 00 00.1                      251
J2021       C2021 02 24.35230 00 45 10.61 +00 00 00.3                      251
J2021       C2021 02 26.14863 00 48 40.59 +00 00 00.4                      251
J2021       C2021 02 27.94496 00 52 10.97 +00 00 00.9                      251
J2021       C2021 03 01.74129 00 55 41.72 +00 00 00.1                      251
J2021       C2021 03 03.53762 00 59 12.84 +00 00 00.7                      251
J2021       C2021 03 05.33395 01 02 44.38 +00 00 01.0                      251
J2021       C2021 03 07.13028 01 06 16.32 +00 00 00.7                      251
J2021       C2021 03 08.92661 01 09 48.68 +00 00 00.1                      251
J2021       C2021 03 10.72294 01 13 21.67 +00 00 00.3                      251
J2021       C2021 03 12.51927 01 16 55.00 +00 00 00.7                      251
J2021       C2021 03 14.31560 01 20 29.02 +00 00 00.8                      251
J2021       C2021 03 16.11194 01 24 03.33 +00 00 01.2                      251
J2021       C2021 03 17.90827 01 27 38.39 +00 00 00.2                      251
J2021       C2021 03 19.70460 01 31 13.98 +00 00 00.5                      251
J2021       C2021 03 21.50093 01 34 50.14 +00 00 00.1                      251
J2021       C2021 03 23.29726 01 38 26.94 +00 00 00.3                      251
J2021       C2021 03 25.09359 01 42 04.40 +00 00 00.1                      251
J2021       C2021 03 26.88992 01 45 42.45 +00 00 00.2                      251
J2021       C2021 03 28.68625 01 49 21.24 +00 00 00.5                      251
J2021       C2021 03 30.48258 01 53 00.70 +00 00 00.1                      251
J2021       C2021 04 01.27891 01 56 40.85 +00 00 00.2                      251
J2021       C2021 04 03.07524 02 00 21.74 +00 00 00.5                      251
J2021       C2021 04 04.87157 02 04 03.47 +00 00 00.1                      251
J2021       C2021 04 06.66790 02 07 45.80 +00 00 00.1                      251
J2021       C2021 04 08.46423 02 11 28.94 +00 00 00.3                      251
J2021       C2021 04 10.26056 02 15 12.96 +00 00 00.3                      251
J2021       C2021 04 12.05689 02 18 57.70 +00 00 00.7                      251
J2021       C2021 04 13.85323 02 22 43.33 +00 00 00.6                      251
J2021       C2021 04 15.64956 02 26 29.69 +00 00 00.0                      251
J2021       C2021 04 17.44589 02 30 16.93 +00 00 00.3                      251
J2021       C2021 04 19.24222 02 34 05.17 +00 00 00.4                      251
J2021       C2021 04 21.03855 02 37 54.17 +00 00 00.1                      251
J2021       C2021 04 22.83488 02 41 44.01 +00 00 00.3                      251
J2021       C2021 04 24.63121 02 45 34.80 +00 00 00.2                      251
J2021       C2021 04 26.42754 02 49 26.43 +00 00 00.1                      251
J2021       C2021 04 28.22387 02 53 18.97 +00 00 00.2                      251
J2021       C2021 04 30.02020 02 57 12.62 +00 00 00.2                      251
J2021       C2021 05 01.81653 03 01 06.98 +00 00 00.9                      251
J2021       C2021 05 03.61286 03 05 02.35 +00 00 00.2                      251
J2021       C2021 05 05.40919 03 08 58.69 +00 00 00.5                      251
J2021       C2021 05 07.20552 03 12 55.97 +00 00 00.2                      251
J2021       C2021 05 09.00185 03 16 54.27 +00 00 00.5                      251
J2021       C2021 05 10.79818 03 20 53.41 +00 00 00.4                      251
J2021       C2021 05 12.59452 03 24 53.50 +00 00 00.1                      251
J2021       C2021 05 14.39085 03 28 54.67 +00 00 00.7                      251
J2021       C2021 05 16.18718 03 32 56.78 +00 00 00.2                      251
J2021       C2021 05 17.98351 03 36 59.83 +00 00 00.1                      251
J2021       C2021 05 19.77984 03 41 03.84 +00 00 00.0                      251
J2021       C2021 05 21.57617 03 45 08.83 +00 00 00.3                      251
J2021       C2021 05 23.37250 03 49 14.79 +00 00 00.2                      251
J2021       C2021 05 25.16883 03 53 21.80 +00 00 00.4                      251
J2021       C2021 05 26.96516 03 57 29.71 +00 00 01.0                      251
J2021       C2021 05 28.76149 04 01 38.61 +00 00 00.5                      251
J2021       C2021 05 30.55782 04 05 48.40 +00 00 00.4                      251
J2021       C2021 06 01.35415 04 09 59.29 +00 00 00.4                      251
J2021       C2021 06 03.15048 04 14 10.99 +00 00 00.3                      251
J2021       C2021 06 04.94681 04 18 23.70 +00 00 00.2                      251
J2021       C2021 06 06.74314 04 22 37.35 +00 00 00.1                      251
J2021       C2021 06 08.53948 04 26 51.91 +00 00 00.0                      251
J2021       C2021 06 10.33581 04 31 07.35 +00 00 01.4                      251
J2021       C2021 06 12.13214 04 35 23.70 +00 00 00.1                      251
J2021       C2021 06 13.92847 04 39 40.91 +00 00 01.2                      251
J2021       C2021 06 15.72480 04 43 59.06 +00 00 00.2                      251
J2021       C2021 06 17.52113 04 48 18.04 +00 00 00.7                      251
J2021       C2021 06 19.31746 04 52 37.82 +00 00 00.5                      251
J2021       C2021 06 21.11379 04 56 58.42 +00 00 00.1                      251
J2021       C2021 06 22.91012 05 01 19.85 +00 00 00.5                      251
J2021       C2021 06 24.70645 05 05 42.12 +00 00 00.5                      251
J2021       C2021 06 26.50278 05 10 04.94 +00 00 00.5                      251
J2021       C2021 06 28.29911 05 14 28.58 +00 00 00.2                      251
J2021       C2021 06 30.09544 05 18 52.95 +00 00 00.4                      251
J2021       C2021 07 01.89177 05 23 18.00 +00 00 00.3                      251
J2021       C2021 07 03.68810 05 27 43.69 +00 00 00.3                      251
J2021       C2021 07 05.48443 05 32 09.99 +00 00 00.2                      251
J2021       C2021 07 07.28077 05 36 36.76 +00 00 00.4                      251
J2021       C2021 07 09.07710 05 41 04.14 +00 00 01.0                      251
J2021       C2021 07 10.87343 05 45 31.94 +00 00 00.6                      251
J2021       C2021 07 12.66976 05 50 00.22 +00 00 00.2                      251
J2021       C2021 07 14.46609 05 54 28.94 +00 00 00.5                      251
J2021       C2021 07 16.26242 05 58 58.10 +00 00 00.0                      251
J2021       C2021 07 18.05875 06 03 27.55 +00 00 00.2                      251
J2021       C2021 07 19.85508 06 07 57.26 +00 00 01.2                      251
J2021       C2021 07 21.65141 06 12 27.11 +00 00 00.4                      251
J2021       C2021 07 23.44774 06 16 57.36 +00 00 00.5                      251
J2021       C2021 07 25.24407 06 21 27.53 +00 00 00.3                      251
J2021       C2021 07 27.04040 06 25 57.90 +00 00 00.2                      251
J2021       C2021 07 28.83673 06 30 28.31 +00 00 00.2                      251
