           x	           y	           z	          vx	          vy	          vz	           C	           T
   0.9877910	   0.0000000	   0.0286160	   0.0000000	   0.8829379	   0.0000000	   3.0207273	   2.0309000
   0.9881563	   0.0175019	   0.0256673	   0.0344700	   0.7985389	  -0.2714045	   3.0209047	   2.0309000
   0.9891372	   0.0322463	   0.0183688	   0.0594142	   0.6369947	  -0.4192304	   3.0208828	   2.0309000
   0.9905341	   0.0437904	   0.0091126	   0.0756374	   0.4943244	  -0.4724165	   3.0208160	   2.0309000
   0.9922042	   0.0527712	  -0.0007282	   0.0864832	   0.3867057	  -0.4827653	   3.0206693	   2.0309000
   0.9940591	   0.0598458	  -0.0105741	   0.0939767	   0.3067101	  -0.4755692	   3.0205508	   2.0309000
   0.9960447	   0.0654832	  -0.0201957	   0.0993040	   0.2457277	  -0.4614170	   3.0206180	   2.0309000
   0.9981243	   0.0700138	  -0.0294951	   0.1031791	   0.1978187	  -0.4450467	   3.0205052	   2.0309000
   1.0002707	   0.0736626	  -0.0384493	   0.1059276	   0.1589605	  -0.4282362	   3.0203587	   2.0309000
   1.0024633	   0.0765835	  -0.0470624	   0.1077699	   0.1266219	  -0.4115556	   3.0203574	   2.0309000
   1.0046868	   0.0788913	  -0.0553395	   0.1089209	   0.0992352	  -0.3954232	   3.0203667	   2.0309000
   1.0069286	   0.0806764	  -0.0632926	   0.1095204	   0.0756341	  -0.3799711	   3.0203618	   2.0309000
   1.0091781	   0.0820108	  -0.0709349	   0.1096665	   0.0549246	  -0.3652408	   3.0203264	   2.0309000
   1.0114260	   0.0829478	  -0.0782807	   0.1094155	   0.0364854	  -0.3511828	   3.0202770	   2.0309000
   1.0136646	   0.0835247	  -0.0853452	   0.1087914	   0.0199386	  -0.3376784	   3.0202646	   2.0309000
   1.0158868	   0.0837782	  -0.0921388	   0.1078521	   0.0049453	  -0.3246984	   3.0202648	   2.0309000
   1.0180869	   0.0837371	  -0.0986711	   0.1066395	  -0.0087227	  -0.3122030	   3.0202664	   2.0309000
   1.0202600	   0.0834266	  -0.1049514	   0.1051857	  -0.0212508	  -0.3001452	   3.0202672	   2.0309000
   1.0224013	   0.0828688	  -0.1109882	   0.1035180	  -0.0327988	  -0.2884808	   3.0202657	   2.0309000
   1.0245065	   0.0820836	  -0.1167893	   0.1016587	  -0.0435010	  -0.2771687	   3.0202606	   2.0309000
   1.0265717	   0.0810880	  -0.1223616	   0.0996254	  -0.0534658	  -0.2661704	   3.0202517	   2.0309000
   1.0285933	   0.0798962	  -0.1277113	   0.0974311	  -0.0627761	  -0.2554506	   3.0202402	   2.0309000
   1.0305681	   0.0785200	  -0.1328437	   0.0950838	  -0.0714890	  -0.2449768	   3.0202304	   2.0309000
   1.0324933	   0.0769693	  -0.1377637	   0.0925892	  -0.0796435	  -0.2347203	   3.0202278	   2.0309000
   1.0343659	   0.0752564	  -0.1424756	   0.0899639	  -0.0872971	  -0.2246619	   3.0202268	   2.0309000
   1.0361833	   0.0733912	  -0.1469831	   0.0872188	  -0.0944852	  -0.2147850	   3.0202263	   2.0309000
   1.0379434	   0.0713826	  -0.1512895	   0.0843631	  -0.1012372	  -0.2050732	   3.0202262	   2.0309000
   1.0396439	   0.0692393	  -0.1553981	   0.0814051	  -0.1075800	  -0.1955117	   3.0202264	   2.0309000
   1.0412829	   0.0669697	  -0.1593117	   0.0783526	  -0.1135377	  -0.1860863	   3.0202268	   2.0309000
   1.0428584	   0.0645815	  -0.1630332	   0.0752128	  -0.1191321	  -0.1767840	   3.0202270	   2.0309000
   1.0443687	   0.0620824	  -0.1665649	   0.0719922	  -0.1243826	  -0.1675929	   3.0202268	   2.0309000
   1.0458120	   0.0594794	  -0.1699093	   0.0686968	  -0.1293058	  -0.1585020	   3.0202258	   2.0309000
   1.0471869	   0.0567791	  -0.1730682	   0.0653319	  -0.1339160	  -0.1495015	   3.0202238	   2.0309000
   1.0484919	   0.0539881	  -0.1760435	   0.0619021	  -0.1382249	  -0.1405823	   3.0202209	   2.0309000
   1.0497259	   0.0511120	  -0.1788367	   0.0584114	  -0.1422417	  -0.1317368	   3.0202174	   2.0309000
   1.0508876	   0.0481566	  -0.1814493	   0.0548633	  -0.1459731	  -0.1229581	   3.0202141	   2.0309000
   1.0519761	   0.0451270	  -0.1838824	   0.0512605	  -0.1494233	  -0.1142404	   3.0202121	   2.0309000
   1.0529907	   0.0420286	  -0.1861369	   0.0476071	  -0.1525984	  -0.1055788	   3.0202117	   2.0309000
   1.0539307	   0.0388677	  -0.1882140	   0.0439090	  -0.1555077	  -0.0969682	   3.0202117	   2.0309000
   1.0547950	   0.0356494	  -0.1901147	   0.0401700	  -0.1581558	  -0.0884032	   3.0202120	   2.0309000
   1.0555827	   0.0323790	  -0.1918399	   0.0363939	  -0.1605473	  -0.0798786	   3.0202129	   2.0309000
   1.0562929	   0.0290617	  -0.1933903	   0.0325846	  -0.1626861	  -0.0713894	   3.0202143	   2.0309000
   1.0569247	   0.0257026	  -0.1947668	   0.0287458	  -0.1645756	  -0.0629308	   3.0202161	   2.0309000
   1.0574773	   0.0223068	  -0.1959698	   0.0248812	  -0.1662191	  -0.0544981	   3.0202181	   2.0309000
   1.0579503	   0.0188796	  -0.1970000	   0.0209947	  -0.1676193	  -0.0460868	   3.0202202	   2.0309000
   1.0583430	   0.0154259	  -0.1978579	   0.0170898	  -0.1687786	  -0.0376924	   3.0202221	   2.0309000
   1.0586551	   0.0119508	  -0.1985438	   0.0131703	  -0.1696988	  -0.0293108	   3.0202236	   2.0309000
   1.0588861	   0.0084595	  -0.1990580	   0.0092398	  -0.1703817	  -0.0209379	   3.0202244	   2.0309000
   1.0590359	   0.0049568	  -0.1994007	   0.0053019	  -0.1708283	  -0.0125698	   3.0202242	   2.0309000
   1.0591043	   0.0014479	  -0.1995720	   0.0013602	  -0.1710393	  -0.0042028	   3.0202230	   2.0309000
   1.0590912	  -0.0020624	  -0.1995721	  -0.0025817	  -0.1710152	   0.0041667	   3.0202205	   2.0309000
   1.0589968	  -0.0055691	  -0.1994008	  -0.0065203	  -0.1707558	   0.0125420	   3.0202167	   2.0309000
   1.0588210	  -0.0090673	  -0.1990580	  -0.0104522	  -0.1702608	   0.0209265	   3.0202114	   2.0309000
   1.0585641	  -0.0125520	  -0.1985436	  -0.0143738	  -0.1695292	   0.0293232	   3.0202048	   2.0309000
   1.0582265	  -0.0160184	  -0.1978572	  -0.0182816	  -0.1685598	   0.0377351	   3.0201970	   2.0309000
   1.0578086	  -0.0194617	  -0.1969984	  -0.0221723	  -0.1673510	   0.0461648	   3.0201881	   2.0309000
   1.0573109	  -0.0228770	  -0.1959667	  -0.0260425	  -0.1659007	   0.0546151	   3.0201784	   2.0309000
   1.0567339	  -0.0262595	  -0.1947617	  -0.0298888	  -0.1642064	   0.0630883	   3.0201685	   2.0309000
   1.0560785	  -0.0296046	  -0.1933827	  -0.0337079	  -0.1622653	   0.0715868	   3.0201588	   2.0309000
   1.0553453	  -0.0329073	  -0.1918289	  -0.0374964	  -0.1600741	   0.0801127	   3.0201500	   2.0309000
   1.0545353	  -0.0361630	  -0.1900996	  -0.0412511	  -0.1576292	   0.0886678	   3.0201429	   2.0309000
   1.0536495	  -0.0393670	  -0.1881939	  -0.0449686	  -0.1549265	   0.0972541	   3.0201384	   2.0309000
   1.0526888	  -0.0425146	  -0.1861107	  -0.0486458	  -0.1519613	   0.1058736	   3.0201376	   2.0309000
   1.0516535	  -0.0455982	  -0.1838490	  -0.0522763	  -0.1487236	   0.1145400	   3.0201410	   2.0309000
   1.0505440	  -0.0486123	  -0.1814081	  -0.0558559	  -0.1452107	   0.1232622	   3.0201463	   2.0309000
   1.0493615	  -0.0515517	  -0.1787875	  -0.0593815	  -0.1414208	   0.1320449	   3.0201518	   2.0309000
   1.0481071	  -0.0544112	  -0.1759863	  -0.0628493	  -0.1373499	   0.1408941	   3.0201560	   2.0309000
   1.0467821	  -0.0571852	  -0.1730034	  -0.0662552	  -0.1329908	   0.1498168	   3.0201585	   2.0309000
   1.0453878	  -0.0598676	  -0.1698372	  -0.0695945	  -0.1283338	   0.1588210	   3.0201591	   2.0309000
   1.0439259	  -0.0624518	  -0.1664862	  -0.0728618	  -0.1233666	   0.1679160	   3.0201578	   2.0309000
   1.0423978	  -0.0649311	  -0.1629481	  -0.0760515	  -0.1180741	   0.1771120	   3.0201553	   2.0309000
   1.0408055	  -0.0672982	  -0.1592208	  -0.0791573	  -0.1124383	   0.1864207	   3.0201521	   2.0309000
   1.0391506	  -0.0695456	  -0.1553016	  -0.0821724	  -0.1064387	   0.1958544	   3.0201486	   2.0309000
   1.0374352	  -0.0716651	  -0.1511876	  -0.0850895	  -0.1000521	   0.2054268	   3.0201455	   2.0309000
   1.0356613	  -0.0736485	  -0.1468756	  -0.0879009	  -0.0932525	   0.2151527	   3.0201431	   2.0309000
   1.0338312	  -0.0754869	  -0.1423621	  -0.0905982	  -0.0860111	   0.2250479	   3.0201415	   2.0309000
   1.0319471	  -0.0771712	  -0.1376435	  -0.0931727	  -0.0782967	   0.2351294	   3.0201408	   2.0309000
   1.0300115	  -0.0786919	  -0.1327155	  -0.0956149	  -0.0700751	   0.2454154	   3.0201409	   2.0309000
   1.0280268	  -0.0800389	  -0.1275738	  -0.0979151	  -0.0613095	   0.2559249	   3.0201417	   2.0309000
   1.0259959	  -0.0812012	  -0.1222138	  -0.1000618	  -0.0519511	   0.2666806	   3.0201442	   2.0309000
   1.0239225	  -0.0821643	  -0.1166300	  -0.1020398	  -0.0419180	   0.2777172	   3.0201487	   2.0309000
   1.0218102	  -0.0829150	  -0.1108168	  -0.1038354	  -0.0311438	   0.2890689	   3.0201518	   2.0309000
   1.0196632	  -0.0834372	  -0.1047674	  -0.1054310	  -0.0195319	   0.3007737	   3.0201531	   2.0309000
   1.0174858	  -0.0837118	  -0.0984741	  -0.1068044	  -0.0069503	   0.3128742	   3.0201540	   2.0309000
   1.0152830	  -0.0837163	  -0.0919282	  -0.1079288	   0.0067689	   0.3254176	   3.0201560	   2.0309000
   1.0130602	  -0.0834249	  -0.0851199	  -0.1087732	   0.0218287	   0.3384559	   3.0201596	   2.0309000
   1.0108231	  -0.0828087	  -0.0780384	  -0.1093015	   0.0384687	   0.3520452	   3.0201646	   2.0309000
   1.0085769	  -0.0818133	  -0.0706790	  -0.1094288	   0.0571372	   0.3661272	   3.0202701	   2.0309000
   1.0063298	  -0.0804106	  -0.0630228	  -0.1091283	   0.0780767	   0.3809107	   3.0203748	   2.0309000
   1.0040931	  -0.0785711	  -0.0550460	  -0.1083767	   0.1017222	   0.3966000	   3.0203483	   2.0309000
   1.0018797	  -0.0762289	  -0.0467329	  -0.1070821	   0.1290350	   0.4131415	   3.0201976	   2.0309000
   0.9997043	  -0.0732811	  -0.0380756	  -0.1050837	   0.1615028	   0.4302237	   3.0200268	   2.0309000
   0.9975834	  -0.0695882	  -0.0290738	  -0.1021519	   0.2011398	   0.4472770	   3.0199730	   2.0309000
   0.9955353	  -0.0649741	  -0.0197350	  -0.0979882	   0.2504866	   0.4634739	   3.0200846	   2.0309000
   0.9935825	  -0.0592199	  -0.0100884	  -0.0922047	   0.3128312	   0.4772713	   3.0203530	   2.0309000
   0.9917683	  -0.0519970	  -0.0002070	  -0.0840981	   0.3950823	   0.4844243	   3.0200448	   2.0309000
   0.9901563	  -0.0428131	   0.0096769	  -0.0723235	   0.5060272	   0.4728070	   3.0197682	   2.0309000
   0.9888419	  -0.0309956	   0.0188846	  -0.0546860	   0.6529803	   0.4136666	   3.0202803	   2.0309000
   0.9879791	  -0.0158976	   0.0259434	  -0.0276274	   0.8148220	   0.2532571	   3.0210488	   2.0309000
   0.9877718	   0.0018222	   0.0283866	   0.0082777	   0.8852632	  -0.0295118	   3.0207944	   2.0309000


