# x        y          z          vx         vy         vz         T 
0.82340000 0.00000000 0.00000000 0.00000000 0.12623147 0.00000000 2.74291184 1.99995116 2361.61361879 1180.80680940 3.17437337 0.13306576 0.00000000
0.82240000 0.00000000 0.00000000 0.00000000 0.13671563 0.00000000 2.75245377 2.00560208 2309.12426437 1154.56213218 3.17191095 0.13130006 0.00000000
0.82140000 0.00000000 0.00000000 0.00000000 0.14735271 0.00000000 2.76312869 2.01187766 2252.36307859 1126.18153929 3.16920318 0.12945901 0.00000000
0.82040000 0.00000000 0.00000000 0.00000000 0.15813285 0.00000000 2.77502260 2.01880974 2191.45297362 1095.72648681 3.16624325 0.12754098 0.00000000
0.81940000 0.00000000 0.00000000 0.00000000 0.16904207 0.00000000 2.78822378 2.02642607 2126.58922067 1063.29461033 3.16302648 0.12554514 0.00000000
0.81840000 0.00000000 0.00000000 0.00000000 0.18006165 0.00000000 2.80282044 2.03474778 2058.04945463 1029.02472732 3.15955099 0.12347171 0.00000000
0.81740000 0.00000000 0.00000000 0.00000000 0.19116742 0.00000000 2.81889749 2.04378608 1986.20199341 993.10099671 3.15581858 0.12132232 0.00000000
0.81640000 0.00000000 0.00000000 0.00000000 0.20232931 0.00000000 2.83653240 2.05353854 1911.51087069 955.75543535 3.15183553 0.11910023 0.00000000
0.81540000 0.00000000 0.00000000 0.00000000 0.21351112 0.00000000 2.85579011 2.06398483 1834.53567684 917.26783842 3.14761338 0.11681064 0.00000000
0.81440000 0.00000000 0.00000000 0.00000000 0.22467080 0.00000000 2.87671751 2.07508254 1755.92426740 877.96213370 3.14316956 0.11446088 0.00000000
0.81340000 0.00000000 0.00000000 0.00000000 0.23576120 0.00000000 2.89933772 2.08676345 1676.39682988 838.19841494 3.13852766 0.11206050 0.00000000
0.81240000 0.00000000 0.00000000 0.00000000 0.24673150 0.00000000 2.92364507 2.09893099 1596.72084121 798.36042060 3.13371721 0.10962114 0.00000000
0.81140000 0.00000000 0.00000000 0.00000000 0.25752927 0.00000000 2.94960162 2.11145955 1517.67806598 758.83903299 3.12877301 0.10715625 0.00000000
0.81040000 0.00000000 0.00000000 0.00000000 0.26810296 0.00000000 2.97713600 2.12419623 1440.02662728 720.01331364 3.12373375 0.10468057 0.00000000
0.80940000 0.00000000 0.00000000 0.00000000 0.27840457 0.00000000 3.00614512 2.13696509 1364.46275101 682.23137551 3.11864025 0.10220943 0.00000000
0.80840000 0.00000000 0.00000000 0.00000000 0.28839213 0.00000000 3.03649870 2.14957367 1291.58740262 645.79370131 3.11353343 0.09975796 0.00000000
0.80740000 0.00000000 0.00000000 0.00000000 0.29803167 0.00000000 3.06804609 2.16182096 1221.88232987 610.94116493 3.10845223 0.09734041 0.00000000
0.80640000 0.00000000 0.00000000 0.00000000 0.30729834 0.00000000 3.10062446 2.17350575 1155.69813999 577.84906999 3.10343194 0.09496944 0.00000000
0.80540000 0.00000000 0.00000000 0.00000000 0.31617677 0.00000000 3.13406707 2.18443435 1093.25460866 546.62730433 3.09850290 0.09265570 0.00000000
0.80440000 0.00000000 0.00000000 0.00000000 0.32466058 0.00000000 3.16821073 2.19442678 1034.65125106 517.32562553 3.09368984 0.09040763 0.00000000
0.80340000 0.00000000 0.00000000 0.00000000 0.33275131 0.00000000 3.20290167 2.20332113 979.88487363 489.94243682 3.08901170 0.08823141 0.00000000
0.80240000 0.00000000 0.00000000 0.00000000 0.34045705 0.00000000 3.23799958 2.21097589 928.87053236 464.43526618 3.08448197 0.08613111 0.00000000
0.80140000 0.00000000 0.00000000 0.00000000 0.34779089 0.00000000 3.27337986 2.21727068 881.46282914 440.73141457 3.08010924 0.08410896 0.00000000
0.80040000 0.00000000 0.00000000 0.00000000 0.35476951 0.00000000 3.30893438 2.22210562 837.47539128 418.73769564 3.07589795 0.08216562 0.00000000
0.79940000 0.00000000 0.00000000 0.00000000 0.36141186 0.00000000 3.34457112 2.22539983 796.69734111 398.34867055 3.07184917 0.08030050 0.00000000
0.79840000 0.00000000 0.00000000 0.00000000 0.36773815 0.00000000 3.38021305 2.22708951 758.90634956 379.45317478 3.06796136 0.07851207 0.00000000
0.79740000 0.00000000 0.00000000 0.00000000 0.37376899 0.00000000 3.41579667 2.22712575 723.87840019 361.93920009 3.06423103 0.07679810 0.00000000
0.79640000 0.00000000 0.00000000 0.00000000 0.37952479 0.00000000 3.45127026 2.22547244 691.39468304 345.69734152 3.06065328 0.07515590 0.00000000
0.79540000 0.00000000 0.00000000 0.00000000 0.38502532 0.00000000 3.48659227 2.22210429 661.24615182 330.62307591 3.05722231 0.07358247 0.00000000
0.79440000 0.00000000 0.00000000 0.00000000 0.39028947 0.00000000 3.52172970 2.21700504 633.23627740 316.61813870 3.05393172 0.07207464 0.00000000
0.79340000 0.00000000 0.00000000 0.00000000 0.39533502 0.00000000 3.55665668 2.21016595 607.18247080 303.59123540 3.05077484 0.07062918 0.00000000
0.79240000 0.00000000 0.00000000 0.00000000 0.40017862 0.00000000 3.59135324 2.20158448 582.91656483 291.45828242 3.04774489 0.06924290 0.00000000
0.79140000 0.00000000 0.00000000 0.00000000 0.40483572 0.00000000 3.62580423 2.19126322 560.28465869 280.14232934 3.04483516 0.06791264 0.00000000
0.79040000 0.00000000 0.00000000 0.00000000 0.40932058 0.00000000 3.65999839 2.17920899 539.14655350 269.57327675 3.04203910 0.06663538 0.00000000
0.78940000 0.00000000 0.00000000 0.00000000 0.41364638 0.00000000 3.69392768 2.16543211 519.37494450 259.68747225 3.03935039 0.06540820 0.00000000
0.78840000 0.00000000 0.00000000 0.00000000 0.41782520 0.00000000 3.72758655 2.14994577 500.85448602 250.42724301 3.03676300 0.06422834 0.00000000
0.78740000 0.00000000 0.00000000 0.00000000 0.42186812 0.00000000 3.76097151 2.13276558 483.48080884 241.74040442 3.03427118 0.06309318 0.00000000
0.725600000 0.00000000 0.00000000 0.00000000 0.42578533 0.00000000 3.79408067 2.11390918 467.15954190 233.57977095 3.03186951 0.06200025 0.00000000
0.78540000 0.00000000 0.00000000 0.00000000 0.42958612 0.00000000 3.82691342 2.09339588 451.80537125 225.90268563 3.02955289 0.06094724 0.00000000
0.78440000 0.00000000 0.00000000 0.00000000 0.43327904 0.00000000 3.85947015 2.07124647 437.34115521 218.67057761 3.02731651 0.05993196 0.00000000
0.78340000 0.00000000 0.00000000 0.00000000 0.43687191 0.00000000 3.89175201 2.04748295 423.69710586 211.84855293 3.02515588 0.05895239 0.00000000
0.78240000 0.00000000 0.00000000 0.00000000 0.44037190 0.00000000 3.92376076 2.02212838 410.81004031 205.40502016 3.02306678 0.05800661 0.00000000
0.78140000 0.00000000 0.00000000 0.00000000 0.44378557 0.00000000 3.95549859 1.99520678 398.62270160 199.31135080 3.02104528 0.05709285 0.00000000
0.78040000 0.00000000 0.00000000 0.00000000 0.44711898 0.00000000 3.98696803 1.96674297 387.08314642 193.54157321 3.01908768 0.05620943 0.00000000
0.77940000 0.00000000 0.00000000 0.00000000 0.45037767 0.00000000 4.01817187 1.93676246 376.14419550 188.07209775 3.01719056 0.05535480 0.00000000
0.77840000 0.00000000 0.00000000 0.00000000 0.45356674 0.00000000 4.04911302 1.90529146 365.76294172 182.88147086 3.01535068 0.05452750 0.00000000
0.77740000 0.00000000 0.00000000 0.00000000 0.45669090 0.00000000 4.07979455 1.87235672 355.90031099 177.95015550 3.01356505 0.05372617 0.00000000
0.77640000 0.00000000 0.00000000 0.00000000 0.45975448 0.00000000 4.11021954 1.83798551 346.52067056 173.26033528 3.01183085 0.05294954 0.00000000
0.77540000 0.00000000 0.00000000 0.00000000 0.46276148 0.00000000 4.14039112 1.80220557 337.59148012 168.79574006 3.01014544 0.05219640 0.00000000
0.77440000 0.00000000 0.00000000 0.00000000 0.46571559 0.00000000 4.17031240 1.76504507 329.08298102 164.54149051 3.00850637 0.05146565 0.00000000
0.77340000 0.00000000 0.00000000 0.00000000 0.46862024 0.00000000 4.19998648 1.72653256 320.96791948 160.48395974 3.00691133 0.05075624 0.00000000
0.77240000 0.00000000 0.00000000 0.00000000 0.47147859 0.00000000 4.22941639 1.68669694 313.22130004 156.61065002 3.00535815 0.05006718 0.00000000
0.77140000 0.00000000 0.00000000 0.00000000 0.47429357 0.00000000 4.25860512 1.64556741 305.82016569 152.91008284 3.00384482 0.04939755 0.00000000
0.77040000 0.00000000 0.00000000 0.00000000 0.47706792 0.00000000 4.28755559 1.60317347 298.74340190 149.37170095 3.00236942 0.04874648 0.00000000
0.76940000 0.00000000 0.00000000 0.00000000 0.47980415 0.00000000 4.31627063 1.55954486 291.97156156 145.98578078 3.00093017 0.04811316 0.00000000
0.76840000 0.00000000 0.00000000 0.00000000 0.48250464 0.00000000 4.34475303 1.51471153 285.48670859 142.74335430 2.99952538 0.04749681 0.00000000
0.76740000 0.00000000 0.00000000 0.00000000 0.48517156 0.00000000 4.37300545 1.46870363 279.27227805 139.63613903 2.99815349 0.04689673 0.00000000
0.76640000 0.00000000 0.00000000 0.00000000 0.48780697 0.00000000 4.40103050 1.42155149 273.31295088 136.65647544 2.99681299 0.04631222 0.00000000
0.76540000 0.00000000 0.00000000 0.00000000 0.49041278 0.00000000 4.42883071 1.37328555 267.59454156 133.79727078 2.99550249 0.04574264 0.00000000
0.76440000 0.00000000 0.00000000 0.00000000 0.49299076 0.00000000 4.45640851 1.32393637 262.10389732 131.05194866 2.99422066 0.04518739 0.00000000
0.76340000 0.00000000 0.00000000 0.00000000 0.49554259 0.00000000 4.48376626 1.27353459 256.82880753 128.41440377 2.99296626 0.04464589 0.00000000
0.76240000 0.00000000 0.00000000 0.00000000 0.49806982 0.00000000 4.51090624 1.22211089 251.75792218 125.87896109 2.99173811 0.04411761 0.00000000
0.76140000 0.00000000 0.00000000 0.00000000 0.50057392 0.00000000 4.53783067 1.16969602 246.88067842 123.44033921 2.99053508 0.04360202 0.00000000
0.76040000 0.00000000 0.00000000 0.00000000 0.50305626 0.00000000 4.56454167 1.11632069 242.18723427 121.09361714 2.98935614 0.04309864 0.00000000
0.75940000 0.00000000 0.00000000 0.00000000 0.50551812 0.00000000 4.59104132 1.06201559 237.66840885 118.83420442 2.98820027 0.04260702 0.00000000
0.75840000 0.00000000 0.00000000 0.00000000 0.50796072 0.00000000 4.61733160 1.00681140 233.31562814 116.65781407 2.98706653 0.04212671 0.00000000
0.75740000 0.00000000 0.00000000 0.00000000 0.51038519 0.00000000 4.64341445 0.95073867 229.12087606 114.56043803 2.98595403 0.04165730 0.00000000
0.75640000 0.00000000 0.00000000 0.00000000 0.51279260 0.00000000 4.66929175 0.89382789 225.07664998 112.53832499 2.98486190 0.04119840 0.00000000
0.75540000 0.00000000 0.00000000 0.00000000 0.51518395 0.00000000 4.69496530 0.83610942 221.17592040 110.58796020 2.98378936 0.04074964 0.00000000
0.75440000 0.00000000 0.00000000 0.00000000 0.51756020 0.00000000 4.72043686 0.77761345 217.41209428 108.70604714 2.98273562 0.04031064 0.00000000
0.75340000 0.00000000 0.00000000 0.00000000 0.51992224 0.00000000 4.74570814 0.71837003 213.77898167 106.88949084 2.98169995 0.03988109 0.00000000
0.75240000 0.00000000 0.00000000 0.00000000 0.52227092 0.00000000 4.77078080 0.65840899 210.27076534 105.13538267 2.98068166 0.03946065 0.00000000
0.75140000 0.00000000 0.00000000 0.00000000 0.52460703 0.00000000 4.79565644 0.59775996 206.88197305 103.44098652 2.97968009 0.03904901 0.00000000
0.75040000 0.00000000 0.00000000 0.00000000 0.52693134 0.00000000 4.82033663 0.53645231 203.60745221 101.80372611 2.97869460 0.03864589 0.00000000
0.74940000 0.00000000 0.00000000 0.00000000 0.52924454 0.00000000 4.84482290 0.47451518 200.44234678 100.22117339 2.97772460 0.03825100 0.00000000
0.74840000 0.00000000 0.00000000 0.00000000 0.53154732 0.00000000 4.86911672 0.41197739 197.38207607 98.69103804 2.97676951 0.03786408 0.00000000
0.74740000 0.00000000 0.00000000 0.00000000 0.53384032 0.00000000 4.89321955 0.34886750 194.42231535 97.21115768 2.97582878 0.03748487 0.00000000
0.74640000 0.00000000 0.00000000 0.00000000 0.53612414 0.00000000 4.91713280 0.28521373 191.55897801 95.77948900 2.97490189 0.03711312 0.00000000
0.74540000 0.00000000 0.00000000 0.00000000 0.53839936 0.00000000 4.94085784 0.22104394 188.78819929 94.39409964 2.97398834 0.03674861 0.00000000
0.74440000 0.00000000 0.00000000 0.00000000 0.54066652 0.00000000 4.96439604 0.15638568 186.10632120 93.05316060 2.97308764 0.03639111 0.00000000
0.74340000 0.00000000 0.00000000 0.00000000 0.54292614 0.00000000 4.98774871 0.09126608 183.50987874 91.75493937 2.97219935 0.03604040 0.00000000
0.74240000 0.00000000 0.00000000 0.00000000 0.54517871 0.00000000 5.01091714 0.02571192 180.99558716 90.49779358 2.97132302 0.03569628 0.00000000
0.74140000 0.00000000 0.00000000 0.00000000 0.54742470 0.00000000 5.03390261 -0.04025045 178.56033021 89.28016510 2.97045823 0.03535855 0.00000000
0.74040000 0.00000000 0.00000000 0.00000000 0.54966455 0.00000000 5.05670636 -0.10659510 176.20114937 88.10057468 2.96960458 0.03502702 0.00000000
0.73940000 0.00000000 0.00000000 0.00000000 0.55189869 0.00000000 5.07932962 -0.17329651 173.91523379 86.95761690 2.96876169 0.03470152 0.00000000
0.73840000 0.00000000 0.00000000 0.00000000 0.55412751 0.00000000 5.10177359 -0.24032962 171.69991106 85.84995553 2.96792918 0.03438187 0.00000000
0.73740000 0.00000000 0.00000000 0.00000000 0.55635141 0.00000000 5.12403946 -0.30766984 169.55263868 84.77631934 2.96710669 0.03406790 0.00000000
0.73640000 0.00000000 0.00000000 0.00000000 0.55857073 0.00000000 5.14612840 -0.37529303 167.47099610 83.73549805 2.96629390 0.03375946 0.00000000
0.73540000 0.00000000 0.00000000 0.00000000 0.56078585 0.00000000 5.16804155 -0.44317553 165.45267741 82.72633870 2.96549045 0.03345638 0.00000000
0.73440000 0.00000000 0.00000000 0.00000000 0.56299707 0.00000000 5.18978007 -0.51129418 163.49548449 81.74774224 2.96469606 0.03315852 0.00000000
0.73340000 0.00000000 0.00000000 0.00000000 0.56520473 0.00000000 5.21134506 -0.57962631 161.59732067 80.79866033 2.96391040 0.03286575 0.00000000
0.73240000 0.00000000 0.00000000 0.00000000 0.56740911 0.00000000 5.23273763 -0.64814974 159.75618490 79.87809245 2.96313318 0.03257791 0.00000000
0.73140000 0.00000000 0.00000000 0.00000000 0.56961052 0.00000000 5.25395889 -0.71684283 157.97016625 78.98508312 2.96236414 0.03229488 0.00000000
0.73040000 0.00000000 0.00000000 0.00000000 0.57180922 0.00000000 5.27500993 -0.78568443 156.23743874 78.11871937 2.96160298 0.03201653 0.00000000
0.72940000 0.00000000 0.00000000 0.00000000 0.57400548 0.00000000 5.29589181 -0.85465393 154.55625669 77.27812835 2.96084947 0.03174273 0.00000000
0.72840000 0.00000000 0.00000000 0.00000000 0.57619954 0.00000000 5.31660560 -0.92373123 152.92495029 76.46247515 2.96010333 0.03147338 0.00000000
0.72740000 0.00000000 0.00000000 0.00000000 0.57839166 0.00000000 5.33715236 -0.99289678 151.34192136 75.67096068 2.95936434 0.03120836 0.00000000
0.72640000 0.00000000 0.00000000 0.00000000 0.58058206 0.00000000 5.35753314 -1.06213155 149.80563958 74.90281979 2.95863225 0.03094755 0.00000000
0.72540000 0.00000000 0.00000000 0.00000000 0.58277095 0.00000000 5.37774898 -1.13141706 148.31463887 74.15731944 2.95790685 0.03069085 0.00000000
0.72440000 0.00000000 0.00000000 0.00000000 0.58495856 0.00000000 5.39780091 -1.20073534 146.86751397 73.43375699 2.95718791 0.03043815 0.00000000
0.72340000 0.00000000 0.00000000 0.00000000 0.58714508 0.00000000 5.41768995 -1.27006897 145.46291733 72.73145866 2.95647522 0.03018937 0.00000000
0.72240000 0.00000000 0.00000000 0.00000000 0.58933070 0.00000000 5.43741714 -1.33940109 144.09955609 72.04977804 2.95576858 0.02994439 0.00000000
0.72140000 0.00000000 0.00000000 0.00000000 0.59151561 0.00000000 5.45698348 -1.40871536 142.77618936 71.38809468 2.95506780 0.02970314 0.00000000
0.72040000 0.00000000 0.00000000 0.00000000 0.59369999 0.00000000 5.47638999 -1.47799596 141.49162555 70.74581277 2.95437269 0.02946552 0.00000000
0.71940000 0.00000000 0.00000000 0.00000000 0.59588400 0.00000000 5.49563767 -1.54722762 140.24472002 70.12236001 2.95368306 0.02923144 0.00000000
0.71840000 0.00000000 0.00000000 0.00000000 0.59806782 0.00000000 5.51472752 -1.61639562 139.03437264 69.51718632 2.95299873 0.02900082 0.00000000
0.71740000 0.00000000 0.00000000 0.00000000 0.60025159 0.00000000 5.53366053 -1.68548574 137.85952577 68.92976289 2.95231953 0.02877358 0.00000000
0.71640000 0.00000000 0.00000000 0.00000000 0.60243547 0.00000000 5.55243771 -1.75448430 136.71916214 68.35958107 2.95164530 0.02854965 0.00000000
0.71540000 0.00000000 0.00000000 0.00000000 0.60461959 0.00000000 5.57106003 -1.82337814 135.61230294 67.80615147 2.95097588 0.02832894 0.00000000
0.71440000 0.00000000 0.00000000 0.00000000 0.60680411 0.00000000 5.58952848 -1.89215462 134.53800604 67.26900302 2.95031111 0.02811138 0.00000000
0.71340000 0.00000000 0.00000000 0.00000000 0.60898915 0.00000000 5.60784406 -1.96080161 133.49536430 66.74768215 2.94965084 0.02789690 0.00000000
0.71240000 0.00000000 0.00000000 0.00000000 0.61117484 0.00000000 5.62600772 -2.02930750 132.48350389 66.24175195 2.94899492 0.02768543 0.00000000
0.71140000 0.00000000 0.00000000 0.00000000 0.61336130 0.00000000 5.64402046 -2.09766115 131.50158291 65.75079146 2.94834321 0.02747691 0.00000000
0.71040000 0.00000000 0.00000000 0.00000000 0.61554866 0.00000000 5.66188324 -2.16585196 130.54878981 65.27439491 2.94769558 0.02727127 0.00000000
0.70940000 0.00000000 0.00000000 0.00000000 0.61773701 0.00000000 5.67959704 -2.23386980 129.62434210 64.81217105 2.94705188 0.02706845 0.00000000
0.70840000 0.00000000 0.00000000 0.00000000 0.61992648 0.00000000 5.69716282 -2.30170500 128.72748512 64.36374256 2.94641200 0.02686838 0.00000000
0.70740000 0.00000000 0.00000000 0.00000000 0.62211717 0.00000000 5.71458155 -2.36934841 127.85749075 63.92874537 2.94577581 0.02667101 0.00000000
0.70640000 0.00000000 0.00000000 0.00000000 0.62430918 0.00000000 5.73185420 -2.43679132 127.01365632 63.50682816 2.94514318 0.02647628 0.00000000
0.70540000 0.00000000 0.00000000 0.00000000 0.62650261 0.00000000 5.74898172 -2.50402549 126.19530345 63.09765173 2.94451400 0.02628413 0.00000000
0.70440000 0.00000000 0.00000000 0.00000000 0.62869754 0.00000000 5.76596508 -2.57104313 125.40177711 62.70088855 2.94388814 0.02609452 0.00000000
0.70340000 0.00000000 0.00000000 0.00000000 0.63089407 0.00000000 5.78280523 -2.63783691 124.63244463 62.31622231 2.94326551 0.02590738 0.00000000
0.70240000 0.00000000 0.00000000 0.00000000 0.63309230 0.00000000 5.79950313 -2.70439993 123.88669467 61.94334734 2.94264599 0.02572267 0.00000000
0.70140000 0.00000000 0.00000000 0.00000000 0.63529229 0.00000000 5.81605973 -2.77072570 123.16393646 61.58196823 2.94202947 0.02554034 0.00000000
0.70040000 0.00000000 0.00000000 0.00000000 0.63749413 0.00000000 5.83247599 -2.83680818 122.46359893 61.23179947 2.94141586 0.02536033 0.00000000
0.69940000 0.00000000 0.00000000 0.00000000 0.63969791 0.00000000 5.84875285 -2.90264174 121.78512988 60.89256494 2.94080505 0.02518261 0.00000000
